#	X	Y
	0	1
	1	1
	2	4
	3	8
	4	2
	5	8
	6	4
	7	12
	8	3
	9	1
	10	12
	11	24
	12	2
	13	16
	14	8
	15	24
	16	3
	17	21
	18	7
	19	27
	20	48
	21	16
	22	8
	23	32
	24	4
	25	30
	26	15
	27	5
	28	34
	29	64
	30	32
	31	64
	32	2
	33	36
	34	18
	35	54
	36	3
	37	41
	38	80
	39	120
	40	3
	41	45
	42	15
	43	59
	44	104
	45	150
	46	75
	47	123
	48	41
	49	91
	50	142
	51	194
	52	97
	53	151
	54	206
	55	262
	56	131
	57	189
	58	248
	59	308
	60	77
	61	139
	62	202
	63	266
	64	133
	65	199
	66	266
	67	334
	68	167
	69	237
	70	308
	71	380
	72	95
	73	169
	74	244
	75	320
	76	80
	77	158
	78	79
	79	1
	80	82
	81	164
	82	2
	83	86
	84	43
	85	129
	86	3
	87	1
	88	90
	89	180
	90	2
	91	94
	92	47
	93	141
	94	3
	95	99
	96	33
	97	131
	98	230
	99	330
	100	33
	101	135
	102	45
	103	149
	104	254
	105	360
	106	180
	107	288
	108	8
	109	118
	110	59
	111	171
	112	284
	113	398
	114	199
	115	315
	116	432
	117	48
	118	24
	119	144
	120	6
	121	128
	122	64
	123	188
	124	47
	125	173
	126	300
	127	428
	128	107
	129	237
	130	368
	131	500
	132	125
	133	259
	134	394
	135	530
	136	265
	137	403
	138	542
	139	682
	140	341
	141	483
	142	626
	143	770
	144	385
	145	77
	146	224
	147	32
	148	8
	149	158
	150	79
	151	231
	152	384
	153	128
	154	64
	155	220
	156	55
	157	213
	158	372
	159	124
	160	31
	161	193
	162	356
	163	520
	164	130
	165	26
	166	13
	167	181
	168	350
	169	520
	170	52
	171	224
	172	56
	173	230
	174	115
	175	23
	176	200
	177	378
	178	189
	179	369
	180	41
	181	223
	182	406
	183	590
	184	295
	185	59
	186	246
	187	434
	188	217
	189	31
	190	222
	191	414
	192	69
	193	263
	194	458
	195	654
	196	327
	197	525
	198	175
	199	375
	200	15
	201	5
	202	208
	203	412
	204	103
	205	309
	206	3
	207	1
	208	210
	209	420
	210	2
	211	214
	212	107
	213	321
	214	3
	215	219
	216	73
	217	291
	218	510
	219	170
	220	17
	221	1
	222	224
	223	448
	224	2
	225	228
	226	114
	227	342
	228	3
	229	233
	230	464
	231	696
	232	3
	233	237
	234	79
	235	315
	236	552
	237	184
	238	92
	239	332
	240	83
	241	325
	242	568
	243	812
	244	203
	245	29
	246	276
	247	524
	248	131
	249	381
	250	632
	251	884
	252	221
	253	475
	254	730
	255	146
	256	73
	257	331
	258	590
	259	850
	260	85
	261	347
	262	610
	263	874
	264	437
	265	703
	266	37
	267	305
	268	574
	269	844
	270	422
	271	694
	272	347
	273	621
	274	896
	275	1172
	276	293
	277	571
	278	850
	279	1130
	280	113
	281	395
	282	678
	283	962
	284	481
	285	767
	286	59
	287	347
	288	636
	289	926
	290	463
	291	755
	292	1048
	293	1342
	294	671
	295	967
	296	1264
	297	1562
	298	781
	299	1081
	300	1382
	301	1684
	302	842
	303	1146
	304	573
	305	879
	306	293
	307	601
	308	910
	309	1220
	310	122
	311	434
	312	217
	313	531
	314	846
	315	94
	316	47
	317	365
	318	684
	319	1004
	320	251
	321	573
	322	896
	323	1220
	324	305
	325	61
	326	388
	327	716
	328	179
	329	509
	330	840
	331	1172
	332	293
	333	627
	334	962
	335	1298
	336	649
	337	987
	338	1326
	339	442
	340	13
	341	355
	342	698
	343	1042
	344	521
	345	867
	346	1214
	347	1562
	348	781
	349	1131
	350	1482
	351	38
	352	19
	353	373
	354	728
	355	1084
	356	271
	357	629
	358	988
	359	1348
	360	337
	361	699
	362	1062
	363	354
	364	177
	365	543
	366	181
	367	549
	368	918
	369	102
	370	51
	371	423
	372	141
	373	515
	374	890
	375	178
	376	89
	377	467
	378	846
	379	1226
	380	613
	381	995
	382	1378
	383	1762
	384	881
	385	1267
	386	1654
	387	2042
	388	1021
	389	1411
	390	1802
	391	106
	392	53
	393	447
	394	842
	395	1238
	396	619
	397	1017
	398	1416
	399	472
	400	59
	401	461
	402	864
	403	1268
	404	317
	405	723
	406	1130
	407	1538
	408	769
	409	1179
	410	1590
	411	530
	412	265
	413	679
	414	1094
	415	1510
	416	755
	417	1173
	418	1592
	419	2012
	420	503
	421	925
	422	1348
	423	1772
	424	443
	425	869
	426	1296
	427	1724
	428	431
	429	861
	430	1292
	431	1724
	432	431
	433	865
	434	1300
	435	260
	436	65
	437	503
	438	942
	439	1382
	440	691
	441	1133
	442	1576
	443	2020
	444	505
	445	101
	446	548
	447	996
	448	249
	449	699
	450	233
	451	685
	452	1138
	453	1592
	454	796
	455	1252
	456	313
	457	771
	458	1230
	459	410
	460	41
	461	503
	462	966
	463	1430
	464	715
	465	143
	466	610
	467	1078
	468	539
	469	77
	470	548
	471	1020
	472	255
	473	729
	474	243
	475	719
	476	1196
	477	1674
	478	837
	479	1317
	480	439
	481	921
	482	1404
	483	468
	484	117
	485	603
	486	67
	487	555
	488	1044
	489	348
	490	174
	491	666
	492	111
	493	605
	494	1100
	495	20
	496	5
	497	503
	498	1002
	499	1502
	500	751
	501	1253
	502	1756
	503	2260
	504	565
	505	113
	506	620
	507	1128
	508	282
	509	792
	510	132
	511	644
	512	161
	513	675
	514	1190
	515	238
	516	119
	517	637
	518	91
	519	611
	520	47
	521	569
	522	1092
	523	1616
	524	404
	525	930
	526	465
	527	15
	528	5
	529	535
	530	107
	531	639
	532	1172
	533	1706
	534	853
	535	1389
	536	1926
	537	642
	538	321
	539	861
	540	287
	541	829
	542	1372
	543	1916
	544	479
	545	1025
	546	1572
	547	2120
	548	530
	549	1080
	550	108
	551	660
	552	55
	553	609
	554	1164
	555	388
	556	97
	557	655
	558	1214
	559	1774
	560	887
	561	1449
	562	2012
	563	2576
	564	644
	565	1210
	566	605
	567	1173
	568	1742
	569	2312
	570	1156
	571	1728
	572	432
	573	144
	574	72
	575	648
	576	9
	577	587
	578	1166
	579	1746
	580	873
	581	1455
	582	5
	583	589
	584	1174
	585	1760
	586	880
	587	1468
	588	367
	589	957
	590	1548
	591	516
	592	129
	593	723
	594	241
	595	837
	596	1434
	597	478
	598	239
	599	839
	600	1440
	601	2042
	602	1021
	603	1625
	604	2230
	605	446
	606	223
	607	831
	608	1440
	609	480
	610	48
	611	660
	612	55
	613	669
	614	1284
	615	428
	616	107
	617	725
	618	1344
	619	1964
	620	491
	621	1113
	622	1736
	623	248
	624	31
	625	657
	626	1284
	627	428
	628	107
	629	737
	630	1368
	631	2000
	632	250
	633	884
	634	442
	635	1078
	636	539
	637	11
	638	1
	639	641
	640	1282
	641	2
	642	1
	643	645
	644	1290
	645	2
	646	1
	647	649
	648	1298
	649	2
	650	1
	651	653
	652	1306
	653	2
	654	1
	655	657
	656	1314
	657	2
	658	1
	659	661
	660	1322
	661	2
	662	1
	663	665
	664	1330
	665	2
	666	1
	667	669
	668	1338
	669	2
	670	1
	671	673
	672	1346
	673	2
	674	1
	675	677
	676	1354
	677	2
	678	1
	679	681
	680	1362
	681	2
	682	1
	683	685
	684	1370
	685	2
	686	1
	687	689
	688	1378
	689	2
	690	1
	691	693
	692	1386
	693	2
	694	1
	695	697
	696	1394
	697	2
	698	1
	699	701
	700	1402
	701	2
	702	1
	703	705
	704	1410
	705	2
	706	1
	707	709
	708	1418
	709	2
	710	1
	711	713
	712	1426
	713	2
	714	1
	715	717
	716	1434
	717	2
	718	1
	719	721
	720	1442
	721	2
	722	1
	723	725
	724	1450
	725	2
	726	1
	727	729
	728	1458
	729	2
	730	1
	731	733
	732	1466
	733	2
	734	1
	735	737
	736	1474
	737	2
	738	1
	739	741
	740	1482
	741	2
	742	1
	743	745
	744	1490
	745	2
	746	1
	747	749
	748	1498
	749	2
	750	1
	751	753
	752	1506
	753	2
	754	1
	755	757
	756	1514
	757	2
	758	1
	759	761
	760	1522
	761	2
	762	1
	763	765
	764	1530
	765	2
	766	1
	767	769
	768	1538
	769	2
	770	1
	771	773
	772	1546
	773	2
	774	1
	775	777
	776	1554
	777	2
	778	1
	779	781
	780	1562
	781	2
	782	1
	783	785
	784	1570
	785	2
	786	1
	787	789
	788	1578
	789	2
	790	1
	791	793
	792	1586
	793	2
	794	1
	795	797
	796	1594
	797	2
	798	1
	799	801
	800	1602
	801	2
	802	1
	803	805
	804	1610
	805	2
	806	1
	807	809
	808	1618
	809	2
	810	1
	811	813
	812	1626
	813	2
	814	1
	815	817
	816	1634
	817	2
	818	1
	819	821
	820	1642
	821	2
	822	1
	823	825
	824	1650
	825	2
	826	1
	827	829
	828	1658
	829	2
	830	1
	831	833
	832	1666
	833	2
	834	1
	835	837
	836	1674
	837	2
	838	1
	839	841
	840	1682
	841	2
	842	1
	843	845
	844	1690
	845	2
	846	1
	847	849
	848	1698
	849	2
	850	1
	851	853
	852	1706
	853	2
	854	1
	855	857
	856	1714
	857	2
	858	1
	859	861
	860	1722
	861	2
	862	1
	863	865
	864	1730
	865	2
	866	1
	867	869
	868	1738
	869	2
	870	1
	871	873
	872	1746
	873	2
	874	1
	875	877
	876	1754
	877	2
	878	1
	879	881
	880	1762
	881	2
	882	1
	883	885
	884	1770
	885	2
	886	1
	887	889
	888	1778
	889	2
	890	1
	891	893
	892	1786
	893	2
	894	1
	895	897
	896	1794
	897	2
	898	1
	899	901
	900	1802
	901	2
	902	1
	903	905
	904	1810
	905	2
	906	1
	907	909
	908	1818
	909	2
	910	1
	911	913
	912	1826
	913	2
	914	1
	915	917
	916	1834
	917	2
	918	1
	919	921
	920	1842
	921	2
	922	1
	923	925
	924	1850
	925	2
	926	1
	927	929
	928	1858
	929	2
	930	1
	931	933
	932	1866
	933	2
	934	1
	935	937
	936	1874
	937	2
	938	1
	939	941
	940	1882
	941	2
	942	1
	943	945
	944	1890
	945	2
	946	1
	947	949
	948	1898
	949	2
	950	1
	951	953
	952	1906
	953	2
	954	1
	955	957
	956	1914
	957	2
	958	1
	959	961
	960	1922
	961	2
	962	1
	963	965
	964	1930
	965	2
	966	1
	967	969
	968	1938
	969	2
	970	1
	971	973
	972	1946
	973	2
	974	1
	975	977
	976	1954
	977	2
	978	1
	979	981
	980	1962
	981	2
	982	1
	983	985
	984	1970
	985	2
	986	1
	987	989
	988	1978
	989	2
	990	1
	991	993
	992	1986
	993	2
	994	1
	995	997
	996	1994
	997	2
	998	1
	999	1001
	1000	2002
	1001	2
	1002	1
	1003	1005
	1004	2010
	1005	2
	1006	1
	1007	1009
	1008	2018
	1009	2
	1010	1
	1011	1013
	1012	2026
	1013	2
	1014	1
	1015	1017
	1016	2034
	1017	2
	1018	1
	1019	1021
	1020	2042
	1021	2
	1022	1
	1023	1025
	1024	2050
	1025	2
	1026	1
	1027	1029
	1028	2058
	1029	2
	1030	1
	1031	1033
	1032	2066
	1033	2
	1034	1
	1035	1037
	1036	2074
	1037	2
	1038	1
	1039	1041
	1040	2082
	1041	2
	1042	1
	1043	1045
	1044	2090
	1045	2
	1046	1
	1047	1049
	1048	2098
	1049	2
	1050	1
	1051	1053
	1052	2106
	1053	2
	1054	1
	1055	1057
	1056	2114
	1057	2
	1058	1
	1059	1061
	1060	2122
	1061	2
	1062	1
	1063	1065
	1064	2130
	1065	2
	1066	1
	1067	1069
	1068	2138
	1069	2
	1070	1
	1071	1073
	1072	2146
	1073	2
	1074	1
	1075	1077
	1076	2154
	1077	2
	1078	1
	1079	1081
	1080	2162
	1081	2
	1082	1
	1083	1085
	1084	2170
	1085	2
	1086	1
	1087	1089
	1088	2178
	1089	2
	1090	1
	1091	1093
	1092	2186
	1093	2
	1094	1
	1095	1097
	1096	2194
	1097	2
	1098	1
	1099	1101
	1100	2202
	1101	2
	1102	1
	1103	1105
	1104	2210
	1105	2
	1106	1
	1107	1109
	1108	2218
	1109	2
	1110	1
	1111	1113
	1112	2226
	1113	2
	1114	1
	1115	1117
	1116	2234
	1117	2
	1118	1
	1119	1121
	1120	2242
	1121	2
	1122	1
	1123	1125
	1124	2250
	1125	2
	1126	1
	1127	1129
	1128	2258
	1129	2
	1130	1
	1131	1133
	1132	2266
	1133	2
	1134	1
	1135	1137
	1136	2274
	1137	2
	1138	1
	1139	1141
	1140	2282
	1141	2
	1142	1
	1143	1145
	1144	2290
	1145	2
	1146	1
	1147	1149
	1148	2298
	1149	2
	1150	1
	1151	1153
	1152	2306
	1153	2
	1154	1
	1155	1157
	1156	2314
	1157	2
	1158	1
	1159	1161
	1160	2322
	1161	2
	1162	1
	1163	1165
	1164	2330
	1165	2
	1166	1
	1167	1169
	1168	2338
	1169	2
	1170	1
	1171	1173
	1172	2346
	1173	2
	1174	1
	1175	1177
	1176	2354
	1177	2
	1178	1
	1179	1181
	1180	2362
	1181	2
	1182	1
	1183	1185
	1184	2370
	1185	2
	1186	1
	1187	1189
	1188	2378
	1189	2
	1190	1
	1191	1193
	1192	2386
	1193	2
	1194	1
	1195	1197
	1196	2394
	1197	2
	1198	1
	1199	1201
	1200	2402
	1201	2
	1202	1
	1203	1205
	1204	2410
	1205	2
	1206	1
	1207	1209
	1208	2418
	1209	2
	1210	1
	1211	1213
	1212	2426
	1213	2
	1214	1
	1215	1217
	1216	2434
	1217	2
	1218	1
	1219	1221
	1220	2442
	1221	2
	1222	1
	1223	1225
	1224	2450
	1225	2
	1226	1
	1227	1229
	1228	2458
	1229	2
	1230	1
	1231	1233
	1232	2466
	1233	2
	1234	1
	1235	1237
	1236	2474
	1237	2
	1238	1
	1239	1241
	1240	2482
	1241	2
	1242	1
	1243	1245
	1244	2490
	1245	2
	1246	1
	1247	1249
	1248	2498
	1249	2
	1250	1
	1251	1253
	1252	2506
	1253	2
	1254	1
	1255	1257
	1256	2514
	1257	2
	1258	1
	1259	1261
	1260	2522
	1261	2
	1262	1
	1263	1265
	1264	2530
	1265	2
	1266	1
	1267	1269
	1268	2538
	1269	2
	1270	1
	1271	1273
	1272	2546
	1273	2
	1274	1
	1275	1277
	1276	2554
	1277	2
	1278	1
	1279	1281
	1280	2562
	1281	2
	1282	1
	1283	1285
	1284	2570
	1285	2
	1286	1
	1287	1289
	1288	2578
	1289	2
	1290	1
	1291	1293
	1292	2586
	1293	2
	1294	1
	1295	1297
	1296	2594
	1297	2
	1298	1
	1299	1301
	1300	2602
	1301	2
	1302	1
	1303	1305
	1304	2610
	1305	2
	1306	1
	1307	1309
	1308	2618
	1309	2
	1310	1
	1311	1313
	1312	2626
	1313	2
	1314	1
	1315	1317
	1316	2634
	1317	2
	1318	1
	1319	1321
	1320	2642
	1321	2
	1322	1
	1323	1325
	1324	2650
	1325	2
	1326	1
	1327	1329
	1328	2658
	1329	2
	1330	1
	1331	1333
	1332	2666
	1333	2
	1334	1
	1335	1337
	1336	2674
	1337	2
	1338	1
	1339	1341
	1340	2682
	1341	2
	1342	1
	1343	1345
	1344	2690
	1345	2
	1346	1
	1347	1349
	1348	2698
	1349	2
	1350	1
	1351	1353
	1352	2706
	1353	2
	1354	1
	1355	1357
	1356	2714
	1357	2
	1358	1
	1359	1361
	1360	2722
	1361	2
	1362	1
	1363	1365
	1364	2730
	1365	2
	1366	1
	1367	1369
	1368	2738
	1369	2
	1370	1
	1371	1373
	1372	2746
	1373	2
	1374	1
	1375	1377
	1376	2754
	1377	2
	1378	1
	1379	1381
	1380	2762
	1381	2
	1382	1
	1383	1385
	1384	2770
	1385	2
	1386	1
	1387	1389
	1388	2778
	1389	2
	1390	1
	1391	1393
	1392	2786
	1393	2
	1394	1
	1395	1397
	1396	2794
	1397	2
	1398	1
	1399	1401
	1400	2802
	1401	2
	1402	1
	1403	1405
	1404	2810
	1405	2
	1406	1
	1407	1409
	1408	2818
	1409	2
	1410	1
	1411	1413
	1412	2826
	1413	2
	1414	1
	1415	1417
	1416	2834
	1417	2
	1418	1
	1419	1421
	1420	2842
	1421	2
	1422	1
	1423	1425
	1424	2850
	1425	2
	1426	1
	1427	1429
	1428	2858
	1429	2
	1430	1
	1431	1433
	1432	2866
	1433	2
	1434	1
	1435	1437
	1436	2874
	1437	2
	1438	1
	1439	1441
	1440	2882
	1441	2
	1442	1
	1443	1445
	1444	2890
	1445	2
	1446	1
	1447	1449
	1448	2898
	1449	2
	1450	1
	1451	1453
	1452	2906
	1453	2
	1454	1
	1455	1457
	1456	2914
	1457	2
	1458	1
	1459	1461
	1460	2922
	1461	2
	1462	1
	1463	1465
	1464	2930
	1465	2
	1466	1
	1467	1469
	1468	2938
	1469	2
	1470	1
	1471	1473
	1472	2946
	1473	2
	1474	1
	1475	1477
	1476	2954
	1477	2
	1478	1
	1479	1481
	1480	2962
	1481	2
	1482	1
	1483	1485
	1484	2970
	1485	2
	1486	1
	1487	1489
	1488	2978
	1489	2
	1490	1
	1491	1493
	1492	2986
	1493	2
	1494	1
	1495	1497
	1496	2994
	1497	2
	1498	1
	1499	1501
	1500	3002
	1501	2
	1502	1
	1503	1505
	1504	3010
	1505	2
	1506	1
	1507	1509
	1508	3018
	1509	2
	1510	1
	1511	1513
	1512	3026
	1513	2
	1514	1
	1515	1517
	1516	3034
	1517	2
	1518	1
	1519	1521
	1520	3042
	1521	2
	1522	1
	1523	1525
	1524	3050
	1525	2
	1526	1
	1527	1529
	1528	3058
	1529	2
	1530	1
	1531	1533
	1532	3066
	1533	2
	1534	1
	1535	1537
	1536	3074
	1537	2
	1538	1
	1539	1541
	1540	3082
	1541	2
	1542	1
	1543	1545
	1544	3090
	1545	2
	1546	1
	1547	1549
	1548	3098
	1549	2
	1550	1
	1551	1553
	1552	3106
	1553	2
	1554	1
	1555	1557
	1556	3114
	1557	2
	1558	1
	1559	1561
	1560	3122
	1561	2
	1562	1
	1563	1565
	1564	3130
	1565	2
	1566	1
	1567	1569
	1568	3138
	1569	2
	1570	1
	1571	1573
	1572	3146
	1573	2
	1574	1
	1575	1577
	1576	3154
	1577	2
	1578	1
	1579	1581
	1580	3162
	1581	2
	1582	1
	1583	1585
	1584	3170
	1585	2
	1586	1
	1587	1589
	1588	3178
	1589	2
	1590	1
	1591	1593
	1592	3186
	1593	2
	1594	1
	1595	1597
	1596	3194
	1597	2
	1598	1
	1599	1601
	1600	3202
	1601	2
	1602	1
	1603	1605
	1604	3210
	1605	2
	1606	1
	1607	1609
	1608	3218
	1609	2
	1610	1
	1611	1613
	1612	3226
	1613	2
	1614	1
	1615	1617
	1616	3234
	1617	2
	1618	1
	1619	1621
	1620	3242
	1621	2
	1622	1
	1623	1625
	1624	3250
	1625	2
	1626	1
	1627	1629
	1628	3258
	1629	2
	1630	1
	1631	1633
	1632	3266
	1633	2
	1634	1
	1635	1637
	1636	3274
	1637	2
	1638	1
	1639	1641
	1640	3282
	1641	2
	1642	1
	1643	1645
	1644	3290
	1645	2
	1646	1
	1647	1649
	1648	3298
	1649	2
	1650	1
	1651	1653
	1652	3306
	1653	2
	1654	1
	1655	1657
	1656	3314
	1657	2
	1658	1
	1659	1661
	1660	3322
	1661	2
	1662	1
	1663	1665
	1664	3330
	1665	2
	1666	1
	1667	1669
	1668	3338
	1669	2
	1670	1
	1671	1673
	1672	3346
	1673	2
	1674	1
	1675	1677
	1676	3354
	1677	2
	1678	1
	1679	1681
	1680	3362
	1681	2
	1682	1
	1683	1685
	1684	3370
	1685	2
	1686	1
	1687	1689
	1688	3378
	1689	2
	1690	1
	1691	1693
	1692	3386
	1693	2
	1694	1
	1695	1697
	1696	3394
	1697	2
	1698	1
	1699	1701
	1700	3402
	1701	2
	1702	1
	1703	1705
	1704	3410
	1705	2
	1706	1
	1707	1709
	1708	3418
	1709	2
	1710	1
	1711	1713
	1712	3426
	1713	2
	1714	1
	1715	1717
	1716	3434
	1717	2
	1718	1
	1719	1721
	1720	3442
	1721	2
	1722	1
	1723	1725
	1724	3450
	1725	2
	1726	1
	1727	1729
	1728	3458
	1729	2
	1730	1
	1731	1733
	1732	3466
	1733	2
	1734	1
	1735	1737
	1736	3474
	1737	2
	1738	1
	1739	1741
	1740	3482
	1741	2
	1742	1
	1743	1745
	1744	3490
	1745	2
	1746	1
	1747	1749
	1748	3498
	1749	2
	1750	1
	1751	1753
	1752	3506
	1753	2
	1754	1
	1755	1757
	1756	3514
	1757	2
	1758	1
	1759	1761
	1760	3522
	1761	2
	1762	1
	1763	1765
	1764	3530
	1765	2
	1766	1
	1767	1769
	1768	3538
	1769	2
	1770	1
	1771	1773
	1772	3546
	1773	2
	1774	1
	1775	1777
	1776	3554
	1777	2
	1778	1
	1779	1781
	1780	3562
	1781	2
	1782	1
	1783	1785
	1784	3570
	1785	2
	1786	1
	1787	1789
	1788	3578
	1789	2
	1790	1
	1791	1793
	1792	3586
	1793	2
	1794	1
	1795	1797
	1796	3594
	1797	2
	1798	1
	1799	1801
	1800	3602
	1801	2
	1802	1
	1803	1805
	1804	3610
	1805	2
	1806	1
	1807	1809
	1808	3618
	1809	2
	1810	1
	1811	1813
	1812	3626
	1813	2
	1814	1
	1815	1817
	1816	3634
	1817	2
	1818	1
	1819	1821
	1820	3642
	1821	2
	1822	1
	1823	1825
	1824	3650
	1825	2
	1826	1
	1827	1829
	1828	3658
	1829	2
	1830	1
	1831	1833
	1832	3666
	1833	2
	1834	1
	1835	1837
	1836	3674
	1837	2
	1838	1
	1839	1841
	1840	3682
	1841	2
	1842	1
	1843	1845
	1844	3690
	1845	2
	1846	1
	1847	1849
	1848	3698
	1849	2
	1850	1
	1851	1853
	1852	3706
	1853	2
	1854	1
	1855	1857
	1856	3714
	1857	2
	1858	1
	1859	1861
	1860	3722
	1861	2
	1862	1
	1863	1865
	1864	3730
	1865	2
	1866	1
	1867	1869
	1868	3738
	1869	2
	1870	1
	1871	1873
	1872	3746
	1873	2
	1874	1
	1875	1877
	1876	3754
	1877	2
	1878	1
	1879	1881
	1880	3762
	1881	2
	1882	1
	1883	1885
	1884	3770
	1885	2
	1886	1
	1887	1889
	1888	3778
	1889	2
	1890	1
	1891	1893
	1892	3786
	1893	2
	1894	1
	1895	1897
	1896	3794
	1897	2
	1898	1
	1899	1901
	1900	3802
	1901	2
	1902	1
	1903	1905
	1904	3810
	1905	2
	1906	1
	1907	1909
	1908	3818
	1909	2
	1910	1
	1911	1913
	1912	3826
	1913	2
	1914	1
	1915	1917
	1916	3834
	1917	2
	1918	1
	1919	1921
	1920	3842
	1921	2
	1922	1
	1923	1925
	1924	3850
	1925	2
	1926	1
	1927	1929
	1928	3858
	1929	2
	1930	1
	1931	1933
	1932	3866
	1933	2
	1934	1
	1935	1937
	1936	3874
	1937	2
	1938	1
	1939	1941
	1940	3882
	1941	2
	1942	1
	1943	1945
	1944	3890
	1945	2
	1946	1
	1947	1949
	1948	3898
	1949	2
	1950	1
	1951	1953
	1952	3906
	1953	2
	1954	1
	1955	1957
	1956	3914
	1957	2
	1958	1
	1959	1961
	1960	3922
	1961	2
	1962	1
	1963	1965
	1964	3930
	1965	2
	1966	1
	1967	1969
	1968	3938
	1969	2
	1970	1
	1971	1973
	1972	3946
	1973	2
	1974	1
	1975	1977
	1976	3954
	1977	2
	1978	1
	1979	1981
	1980	3962
	1981	2
	1982	1
	1983	1985
	1984	3970
	1985	2
	1986	1
	1987	1989
	1988	3978
	1989	2
	1990	1
	1991	1993
	1992	3986
	1993	2
	1994	1
	1995	1997
	1996	3994
	1997	2
	1998	1
	1999	2001
	2000	4002
	2001	2
	2002	1
	2003	2005
	2004	4010
	2005	2
	2006	1
	2007	2009
	2008	4018
	2009	2
	2010	1
	2011	2013
	2012	4026
	2013	2
	2014	1
	2015	2017
	2016	4034
	2017	2
	2018	1
	2019	2021
	2020	4042
	2021	2
	2022	1
	2023	2025
	2024	4050
	2025	2
	2026	1
	2027	2029
	2028	4058
	2029	2
	2030	1
	2031	2033
	2032	4066
	2033	2
	2034	1
	2035	2037
	2036	4074
	2037	2
	2038	1
	2039	2041
	2040	4082
	2041	2
	2042	1
	2043	2045
	2044	4090
	2045	2
	2046	1
	2047	2049
	2048	4098
	2049	2
	2050	1
	2051	2053
	2052	4106
	2053	2
	2054	1
	2055	2057
	2056	4114
	2057	2
	2058	1
	2059	2061
	2060	4122
	2061	2
	2062	1
	2063	2065
	2064	4130
	2065	2
	2066	1
	2067	2069
	2068	4138
	2069	2
	2070	1
	2071	2073
	2072	4146
	2073	2
	2074	1
	2075	2077
	2076	4154
	2077	2
	2078	1
	2079	2081
	2080	4162
	2081	2
	2082	1
	2083	2085
	2084	4170
	2085	2
	2086	1
	2087	2089
	2088	4178
	2089	2
	2090	1
	2091	2093
	2092	4186
	2093	2
	2094	1
	2095	2097
	2096	4194
	2097	2
	2098	1
	2099	2101
	2100	4202
	2101	2
	2102	1
	2103	2105
	2104	4210
	2105	2
	2106	1
	2107	2109
	2108	4218
	2109	2
	2110	1
	2111	2113
	2112	4226
	2113	2
	2114	1
	2115	2117
	2116	4234
	2117	2
	2118	1
	2119	2121
	2120	4242
	2121	2
	2122	1
	2123	2125
	2124	4250
	2125	2
	2126	1
	2127	2129
	2128	4258
	2129	2
	2130	1
	2131	2133
	2132	4266
	2133	2
	2134	1
	2135	2137
	2136	4274
	2137	2
	2138	1
	2139	2141
	2140	4282
	2141	2
	2142	1
	2143	2145
	2144	4290
	2145	2
	2146	1
	2147	2149
	2148	4298
	2149	2
	2150	1
	2151	2153
	2152	4306
	2153	2
	2154	1
	2155	2157
	2156	4314
	2157	2
	2158	1
	2159	2161
	2160	4322
	2161	2
	2162	1
	2163	2165
	2164	4330
	2165	2
	2166	1
	2167	2169
	2168	4338
	2169	2
	2170	1
	2171	2173
	2172	4346
	2173	2
	2174	1
	2175	2177
	2176	4354
	2177	2
	2178	1
	2179	2181
	2180	4362
	2181	2
	2182	1
	2183	2185
	2184	4370
	2185	2
	2186	1
	2187	2189
	2188	4378
	2189	2
	2190	1
	2191	2193
	2192	4386
	2193	2
	2194	1
	2195	2197
	2196	4394
	2197	2
	2198	1
	2199	2201
	2200	4402
	2201	2
	2202	1
	2203	2205
	2204	4410
	2205	2
	2206	1
	2207	2209
	2208	4418
	2209	2
	2210	1
	2211	2213
	2212	4426
	2213	2
	2214	1
	2215	2217
	2216	4434
	2217	2
	2218	1
	2219	2221
	2220	4442
	2221	2
	2222	1
	2223	2225
	2224	4450
	2225	2
	2226	1
	2227	2229
	2228	4458
	2229	2
	2230	1
	2231	2233
	2232	4466
	2233	2
	2234	1
	2235	2237
	2236	4474
	2237	2
	2238	1
	2239	2241
	2240	4482
	2241	2
	2242	1
	2243	2245
	2244	4490
	2245	2
	2246	1
	2247	2249
	2248	4498
	2249	2
	2250	1
	2251	2253
	2252	4506
	2253	2
	2254	1
	2255	2257
	2256	4514
	2257	2
	2258	1
	2259	2261
	2260	4522
	2261	2
	2262	1
	2263	2265
	2264	4530
	2265	2
	2266	1
	2267	2269
	2268	4538
	2269	2
	2270	1
	2271	2273
	2272	4546
	2273	2
	2274	1
	2275	2277
	2276	4554
	2277	2
	2278	1
	2279	2281
	2280	4562
	2281	2
	2282	1
	2283	2285
	2284	4570
	2285	2
	2286	1
	2287	2289
	2288	4578
	2289	2
	2290	1
	2291	2293
	2292	4586
	2293	2
	2294	1
	2295	2297
	2296	4594
	2297	2
	2298	1
	2299	2301
	2300	4602
	2301	2
	2302	1
	2303	2305
	2304	4610
	2305	2
	2306	1
	2307	2309
	2308	4618
	2309	2
	2310	1
	2311	2313
	2312	4626
	2313	2
	2314	1
	2315	2317
	2316	4634
	2317	2
	2318	1
	2319	2321
	2320	4642
	2321	2
	2322	1
	2323	2325
	2324	4650
	2325	2
	2326	1
	2327	2329
	2328	4658
	2329	2
	2330	1
	2331	2333
	2332	4666
	2333	2
	2334	1
	2335	2337
	2336	4674
	2337	2
	2338	1
	2339	2341
	2340	4682
	2341	2
	2342	1
	2343	2345
	2344	4690
	2345	2
	2346	1
	2347	2349
	2348	4698
	2349	2
	2350	1
	2351	2353
	2352	4706
	2353	2
	2354	1
	2355	2357
	2356	4714
	2357	2
	2358	1
	2359	2361
	2360	4722
	2361	2
	2362	1
	2363	2365
	2364	4730
	2365	2
	2366	1
	2367	2369
	2368	4738
	2369	2
	2370	1
	2371	2373
	2372	4746
	2373	2
	2374	1
	2375	2377
	2376	4754
	2377	2
	2378	1
	2379	2381
	2380	4762
	2381	2
	2382	1
	2383	2385
	2384	4770
	2385	2
	2386	1
	2387	2389
	2388	4778
	2389	2
	2390	1
	2391	2393
	2392	4786
	2393	2
	2394	1
	2395	2397
	2396	4794
	2397	2
	2398	1
	2399	2401
	2400	4802
	2401	2
	2402	1
	2403	2405
	2404	4810
	2405	2
	2406	1
	2407	2409
	2408	4818
	2409	2
	2410	1
	2411	2413
	2412	4826
	2413	2
	2414	1
	2415	2417
	2416	4834
	2417	2
	2418	1
	2419	2421
	2420	4842
	2421	2
	2422	1
	2423	2425
	2424	4850
	2425	2
	2426	1
	2427	2429
	2428	4858
	2429	2
	2430	1
	2431	2433
	2432	4866
	2433	2
	2434	1
	2435	2437
	2436	4874
	2437	2
	2438	1
	2439	2441
	2440	4882
	2441	2
	2442	1
	2443	2445
	2444	4890
	2445	2
	2446	1
	2447	2449
	2448	4898
	2449	2
	2450	1
	2451	2453
	2452	4906
	2453	2
	2454	1
	2455	2457
	2456	4914
	2457	2
	2458	1
	2459	2461
	2460	4922
	2461	2
	2462	1
	2463	2465
	2464	4930
	2465	2
	2466	1
	2467	2469
	2468	4938
	2469	2
	2470	1
	2471	2473
	2472	4946
	2473	2
	2474	1
	2475	2477
	2476	4954
	2477	2
	2478	1
	2479	2481
	2480	4962
	2481	2
	2482	1
	2483	2485
	2484	4970
	2485	2
	2486	1
	2487	2489
	2488	4978
	2489	2
	2490	1
	2491	2493
	2492	4986
	2493	2
	2494	1
	2495	2497
	2496	4994
	2497	2
	2498	1
	2499	2501
	2500	5002
	2501	2
	2502	1
	2503	2505
	2504	5010
	2505	2
	2506	1
	2507	2509
	2508	5018
	2509	2
	2510	1
	2511	2513
	2512	5026
	2513	2
	2514	1
	2515	2517
	2516	5034
	2517	2
	2518	1
	2519	2521
	2520	5042
	2521	2
	2522	1
	2523	2525
	2524	5050
	2525	2
	2526	1
	2527	2529
	2528	5058
	2529	2
	2530	1
	2531	2533
	2532	5066
	2533	2
	2534	1
	2535	2537
	2536	5074
	2537	2
	2538	1
	2539	2541
	2540	5082
	2541	2
	2542	1
	2543	2545
	2544	5090
	2545	2
	2546	1
	2547	2549
	2548	5098
	2549	2
	2550	1
	2551	2553
	2552	5106
	2553	2
	2554	1
	2555	2557
	2556	5114
	2557	2
	2558	1
	2559	2561
	2560	5122
	2561	2
	2562	1
	2563	2565
	2564	5130
	2565	2
	2566	1
	2567	2569
	2568	5138
	2569	2
	2570	1
	2571	2573
	2572	5146
	2573	2
	2574	1
	2575	2577
	2576	5154
	2577	2
	2578	1
	2579	2581
	2580	5162
	2581	2
	2582	1
	2583	2585
	2584	5170
	2585	2
	2586	1
	2587	2589
	2588	5178
	2589	2
	2590	1
	2591	2593
	2592	5186
	2593	2
	2594	1
	2595	2597
	2596	5194
	2597	2
	2598	1
	2599	2601
	2600	5202
	2601	2
	2602	1
	2603	2605
	2604	5210
	2605	2
	2606	1
	2607	2609
	2608	5218
	2609	2
	2610	1
	2611	2613
	2612	5226
	2613	2
	2614	1
	2615	2617
	2616	5234
	2617	2
	2618	1
	2619	2621
	2620	5242
	2621	2
	2622	1
	2623	2625
	2624	5250
	2625	2
	2626	1
	2627	2629
	2628	5258
	2629	2
	2630	1
	2631	2633
	2632	5266
	2633	2
	2634	1
	2635	2637
	2636	5274
	2637	2
	2638	1
	2639	2641
	2640	5282
	2641	2
	2642	1
	2643	2645
	2644	5290
	2645	2
	2646	1
	2647	2649
	2648	5298
	2649	2
	2650	1
	2651	2653
	2652	5306
	2653	2
	2654	1
	2655	2657
	2656	5314
	2657	2
	2658	1
	2659	2661
	2660	5322
	2661	2
	2662	1
	2663	2665
	2664	5330
	2665	2
	2666	1
	2667	2669
	2668	5338
	2669	2
	2670	1
	2671	2673
	2672	5346
	2673	2
	2674	1
	2675	2677
	2676	5354
	2677	2
	2678	1
	2679	2681
	2680	5362
	2681	2
	2682	1
	2683	2685
	2684	5370
	2685	2
	2686	1
	2687	2689
	2688	5378
	2689	2
	2690	1
	2691	2693
	2692	5386
	2693	2
	2694	1
	2695	2697
	2696	5394
	2697	2
	2698	1
	2699	2701
	2700	5402
	2701	2
	2702	1
	2703	2705
	2704	5410
	2705	2
	2706	1
	2707	2709
	2708	5418
	2709	2
	2710	1
	2711	2713
	2712	5426
	2713	2
	2714	1
	2715	2717
	2716	5434
	2717	2
	2718	1
	2719	2721
	2720	5442
	2721	2
	2722	1
	2723	2725
	2724	5450
	2725	2
	2726	1
	2727	2729
	2728	5458
	2729	2
	2730	1
	2731	2733
	2732	5466
	2733	2
	2734	1
	2735	2737
	2736	5474
	2737	2
	2738	1
	2739	2741
	2740	5482
	2741	2
	2742	1
	2743	2745
	2744	5490
	2745	2
	2746	1
	2747	2749
	2748	5498
	2749	2
	2750	1
	2751	2753
	2752	5506
	2753	2
	2754	1
	2755	2757
	2756	5514
	2757	2
	2758	1
	2759	2761
	2760	5522
	2761	2
	2762	1
	2763	2765
	2764	5530
	2765	2
	2766	1
	2767	2769
	2768	5538
	2769	2
	2770	1
	2771	2773
	2772	5546
	2773	2
	2774	1
	2775	2777
	2776	5554
	2777	2
	2778	1
	2779	2781
	2780	5562
	2781	2
	2782	1
	2783	2785
	2784	5570
	2785	2
	2786	1
	2787	2789
	2788	5578
	2789	2
	2790	1
	2791	2793
	2792	5586
	2793	2
	2794	1
	2795	2797
	2796	5594
	2797	2
	2798	1
	2799	2801
	2800	5602
	2801	2
	2802	1
	2803	2805
	2804	5610
	2805	2
	2806	1
	2807	2809
	2808	5618
	2809	2
	2810	1
	2811	2813
	2812	5626
	2813	2
	2814	1
	2815	2817
	2816	5634
	2817	2
	2818	1
	2819	2821
	2820	5642
	2821	2
	2822	1
	2823	2825
	2824	5650
	2825	2
	2826	1
	2827	2829
	2828	5658
	2829	2
	2830	1
	2831	2833
	2832	5666
	2833	2
	2834	1
	2835	2837
	2836	5674
	2837	2
	2838	1
	2839	2841
	2840	5682
	2841	2
	2842	1
	2843	2845
	2844	5690
	2845	2
	2846	1
	2847	2849
	2848	5698
	2849	2
	2850	1
	2851	2853
	2852	5706
	2853	2
	2854	1
	2855	2857
	2856	5714
	2857	2
	2858	1
	2859	2861
	2860	5722
	2861	2
	2862	1
	2863	2865
	2864	5730
	2865	2
	2866	1
	2867	2869
	2868	5738
	2869	2
	2870	1
	2871	2873
	2872	5746
	2873	2
	2874	1
	2875	2877
	2876	5754
	2877	2
	2878	1
	2879	2881
	2880	5762
	2881	2
	2882	1
	2883	2885
	2884	5770
	2885	2
	2886	1
	2887	2889
	2888	5778
	2889	2
	2890	1
	2891	2893
	2892	5786
	2893	2
	2894	1
	2895	2897
	2896	5794
	2897	2
	2898	1
	2899	2901
	2900	5802
	2901	2
	2902	1
	2903	2905
	2904	5810
	2905	2
	2906	1
	2907	2909
	2908	5818
	2909	2
	2910	1
	2911	2913
	2912	5826
	2913	2
	2914	1
	2915	2917
	2916	5834
	2917	2
	2918	1
	2919	2921
	2920	5842
	2921	2
	2922	1
	2923	2925
	2924	5850
	2925	2
	2926	1
	2927	2929
	2928	5858
	2929	2
	2930	1
	2931	2933
	2932	5866
	2933	2
	2934	1
	2935	2937
	2936	5874
	2937	2
	2938	1
	2939	2941
	2940	5882
	2941	2
	2942	1
	2943	2945
	2944	5890
	2945	2
	2946	1
	2947	2949
	2948	5898
	2949	2
	2950	1
	2951	2953
	2952	5906
	2953	2
	2954	1
	2955	2957
	2956	5914
	2957	2
	2958	1
	2959	2961
	2960	5922
	2961	2
	2962	1
	2963	2965
	2964	5930
	2965	2
	2966	1
	2967	2969
	2968	5938
	2969	2
	2970	1
	2971	2973
	2972	5946
	2973	2
	2974	1
	2975	2977
	2976	5954
	2977	2
	2978	1
	2979	2981
	2980	5962
	2981	2
	2982	1
	2983	2985
	2984	5970
	2985	2
	2986	1
	2987	2989
	2988	5978
	2989	2
	2990	1
	2991	2993
	2992	5986
	2993	2
	2994	1
	2995	2997
	2996	5994
	2997	2
	2998	1
	2999	3001
	3000	6002
	3001	2
	3002	1
	3003	3005
	3004	6010
	3005	2
	3006	1
	3007	3009
	3008	6018
	3009	2
	3010	1
	3011	3013
	3012	6026
	3013	2
	3014	1
	3015	3017
	3016	6034
	3017	2
	3018	1
	3019	3021
	3020	6042
	3021	2
	3022	1
	3023	3025
	3024	6050
	3025	2
	3026	1
	3027	3029
	3028	6058
	3029	2
	3030	1
	3031	3033
	3032	6066
	3033	2
	3034	1
	3035	3037
	3036	6074
	3037	2
	3038	1
	3039	3041
	3040	6082
	3041	2
	3042	1
	3043	3045
	3044	6090
	3045	2
	3046	1
	3047	3049
	3048	6098
	3049	2
	3050	1
	3051	3053
	3052	6106
	3053	2
	3054	1
	3055	3057
	3056	6114
	3057	2
	3058	1
	3059	3061
	3060	6122
	3061	2
	3062	1
	3063	3065
	3064	6130
	3065	2
	3066	1
	3067	3069
	3068	6138
	3069	2
	3070	1
	3071	3073
	3072	6146
	3073	2
	3074	1
	3075	3077
	3076	6154
	3077	2
	3078	1
	3079	3081
	3080	6162
	3081	2
	3082	1
	3083	3085
	3084	6170
	3085	2
	3086	1
	3087	3089
	3088	6178
	3089	2
	3090	1
	3091	3093
	3092	6186
	3093	2
	3094	1
	3095	3097
	3096	6194
	3097	2
	3098	1
	3099	3101
	3100	6202
	3101	2
	3102	1
	3103	3105
	3104	6210
	3105	2
	3106	1
	3107	3109
	3108	6218
	3109	2
	3110	1
	3111	3113
	3112	6226
	3113	2
	3114	1
	3115	3117
	3116	6234
	3117	2
	3118	1
	3119	3121
	3120	6242
	3121	2
	3122	1
	3123	3125
	3124	6250
	3125	2
	3126	1
	3127	3129
	3128	6258
	3129	2
	3130	1
	3131	3133
	3132	6266
	3133	2
	3134	1
	3135	3137
	3136	6274
	3137	2
	3138	1
	3139	3141
	3140	6282
	3141	2
	3142	1
	3143	3145
	3144	6290
	3145	2
	3146	1
	3147	3149
	3148	6298
	3149	2
	3150	1
	3151	3153
	3152	6306
	3153	2
	3154	1
	3155	3157
	3156	6314
	3157	2
	3158	1
	3159	3161
	3160	6322
	3161	2
	3162	1
	3163	3165
	3164	6330
	3165	2
	3166	1
	3167	3169
	3168	6338
	3169	2
	3170	1
	3171	3173
	3172	6346
	3173	2
	3174	1
	3175	3177
	3176	6354
	3177	2
	3178	1
	3179	3181
	3180	6362
	3181	2
	3182	1
	3183	3185
	3184	6370
	3185	2
	3186	1
	3187	3189
	3188	6378
	3189	2
	3190	1
	3191	3193
	3192	6386
	3193	2
	3194	1
	3195	3197
	3196	6394
	3197	2
	3198	1
	3199	3201
	3200	6402
	3201	2
	3202	1
	3203	3205
	3204	6410
	3205	2
	3206	1
	3207	3209
	3208	6418
	3209	2
	3210	1
	3211	3213
	3212	6426
	3213	2
	3214	1
	3215	3217
	3216	6434
	3217	2
	3218	1
	3219	3221
	3220	6442
	3221	2
	3222	1
	3223	3225
	3224	6450
	3225	2
	3226	1
	3227	3229
	3228	6458
	3229	2
	3230	1
	3231	3233
	3232	6466
	3233	2
	3234	1
	3235	3237
	3236	6474
	3237	2
	3238	1
	3239	3241
	3240	6482
	3241	2
	3242	1
	3243	3245
	3244	6490
	3245	2
	3246	1
	3247	3249
	3248	6498
	3249	2
	3250	1
	3251	3253
	3252	6506
	3253	2
	3254	1
	3255	3257
	3256	6514
	3257	2
	3258	1
	3259	3261
	3260	6522
	3261	2
	3262	1
	3263	3265
	3264	6530
	3265	2
	3266	1
	3267	3269
	3268	6538
	3269	2
	3270	1
	3271	3273
	3272	6546
	3273	2
	3274	1
	3275	3277
	3276	6554
	3277	2
	3278	1
	3279	3281
	3280	6562
	3281	2
	3282	1
	3283	3285
	3284	6570
	3285	2
	3286	1
	3287	3289
	3288	6578
	3289	2
	3290	1
	3291	3293
	3292	6586
	3293	2
	3294	1
	3295	3297
	3296	6594
	3297	2
	3298	1
	3299	3301
	3300	6602
	3301	2
	3302	1
	3303	3305
	3304	6610
	3305	2
	3306	1
	3307	3309
	3308	6618
	3309	2
	3310	1
	3311	3313
	3312	6626
	3313	2
	3314	1
	3315	3317
	3316	6634
	3317	2
	3318	1
	3319	3321
	3320	6642
	3321	2
	3322	1
	3323	3325
	3324	6650
	3325	2
	3326	1
	3327	3329
	3328	6658
	3329	2
	3330	1
	3331	3333
	3332	6666
	3333	2
	3334	1
	3335	3337
	3336	6674
	3337	2
	3338	1
	3339	3341
	3340	6682
	3341	2
	3342	1
	3343	3345
	3344	6690
	3345	2
	3346	1
	3347	3349
	3348	6698
	3349	2
	3350	1
	3351	3353
	3352	6706
	3353	2
	3354	1
	3355	3357
	3356	6714
	3357	2
	3358	1
	3359	3361
	3360	6722
	3361	2
	3362	1
	3363	3365
	3364	6730
	3365	2
	3366	1
	3367	3369
	3368	6738
	3369	2
	3370	1
	3371	3373
	3372	6746
	3373	2
	3374	1
	3375	3377
	3376	6754
	3377	2
	3378	1
	3379	3381
	3380	6762
	3381	2
	3382	1
	3383	3385
	3384	6770
	3385	2
	3386	1
	3387	3389
	3388	6778
	3389	2
	3390	1
	3391	3393
	3392	6786
	3393	2
	3394	1
	3395	3397
	3396	6794
	3397	2
	3398	1
	3399	3401
	3400	6802
	3401	2
	3402	1
	3403	3405
	3404	6810
	3405	2
	3406	1
	3407	3409
	3408	6818
	3409	2
	3410	1
	3411	3413
	3412	6826
	3413	2
	3414	1
	3415	3417
	3416	6834
	3417	2
	3418	1
	3419	3421
	3420	6842
	3421	2
	3422	1
	3423	3425
	3424	6850
	3425	2
	3426	1
	3427	3429
	3428	6858
	3429	2
	3430	1
	3431	3433
	3432	6866
	3433	2
	3434	1
	3435	3437
	3436	6874
	3437	2
	3438	1
	3439	3441
	3440	6882
	3441	2
	3442	1
	3443	3445
	3444	6890
	3445	2
	3446	1
	3447	3449
	3448	6898
	3449	2
	3450	1
	3451	3453
	3452	6906
	3453	2
	3454	1
	3455	3457
	3456	6914
	3457	2
	3458	1
	3459	3461
	3460	6922
	3461	2
	3462	1
	3463	3465
	3464	6930
	3465	2
	3466	1
	3467	3469
	3468	6938
	3469	2
	3470	1
	3471	3473
	3472	6946
	3473	2
	3474	1
	3475	3477
	3476	6954
	3477	2
	3478	1
	3479	3481
	3480	6962
	3481	2
	3482	1
	3483	3485
	3484	6970
	3485	2
	3486	1
	3487	3489
	3488	6978
	3489	2
	3490	1
	3491	3493
	3492	6986
	3493	2
	3494	1
	3495	3497
	3496	6994
	3497	2
	3498	1
	3499	3501
	3500	7002
	3501	2
	3502	1
	3503	3505
	3504	7010
	3505	2
	3506	1
	3507	3509
	3508	7018
	3509	2
	3510	1
	3511	3513
	3512	7026
	3513	2
	3514	1
	3515	3517
	3516	7034
	3517	2
	3518	1
	3519	3521
	3520	7042
	3521	2
	3522	1
	3523	3525
	3524	7050
	3525	2
	3526	1
	3527	3529
	3528	7058
	3529	2
	3530	1
	3531	3533
	3532	7066
	3533	2
	3534	1
	3535	3537
	3536	7074
	3537	2
	3538	1
	3539	3541
	3540	7082
	3541	2
	3542	1
	3543	3545
	3544	7090
	3545	2
	3546	1
	3547	3549
	3548	7098
	3549	2
	3550	1
	3551	3553
	3552	7106
	3553	2
	3554	1
	3555	3557
	3556	7114
	3557	2
	3558	1
	3559	3561
	3560	7122
	3561	2
	3562	1
	3563	3565
	3564	7130
	3565	2
	3566	1
	3567	3569
	3568	7138
	3569	2
	3570	1
	3571	3573
	3572	7146
	3573	2
	3574	1
	3575	3577
	3576	7154
	3577	2
	3578	1
	3579	3581
	3580	7162
	3581	2
	3582	1
	3583	3585
	3584	7170
	3585	2
	3586	1
	3587	3589
	3588	7178
	3589	2
	3590	1
	3591	3593
	3592	7186
	3593	2
	3594	1
	3595	3597
	3596	7194
	3597	2
	3598	1
	3599	3601
	3600	7202
	3601	2
	3602	1
	3603	3605
	3604	7210
	3605	2
	3606	1
	3607	3609
	3608	7218
	3609	2
	3610	1
	3611	3613
	3612	7226
	3613	2
	3614	1
	3615	3617
	3616	7234
	3617	2
	3618	1
	3619	3621
	3620	7242
	3621	2
	3622	1
	3623	3625
	3624	7250
	3625	2
	3626	1
	3627	3629
	3628	7258
	3629	2
	3630	1
	3631	3633
	3632	7266
	3633	2
	3634	1
	3635	3637
	3636	7274
	3637	2
	3638	1
	3639	3641
	3640	7282
	3641	2
	3642	1
	3643	3645
	3644	7290
	3645	2
	3646	1
	3647	3649
	3648	7298
	3649	2
	3650	1
	3651	3653
	3652	7306
	3653	2
	3654	1
	3655	3657
	3656	7314
	3657	2
	3658	1
	3659	3661
	3660	7322
	3661	2
	3662	1
	3663	3665
	3664	7330
	3665	2
	3666	1
	3667	3669
	3668	7338
	3669	2
	3670	1
	3671	3673
	3672	7346
	3673	2
	3674	1
	3675	3677
	3676	7354
	3677	2
	3678	1
	3679	3681
	3680	7362
	3681	2
	3682	1
	3683	3685
	3684	7370
	3685	2
	3686	1
	3687	3689
	3688	7378
	3689	2
	3690	1
	3691	3693
	3692	7386
	3693	2
	3694	1
	3695	3697
	3696	7394
	3697	2
	3698	1
	3699	3701
	3700	7402
	3701	2
	3702	1
	3703	3705
	3704	7410
	3705	2
	3706	1
	3707	3709
	3708	7418
	3709	2
	3710	1
	3711	3713
	3712	7426
	3713	2
	3714	1
	3715	3717
	3716	7434
	3717	2
	3718	1
	3719	3721
	3720	7442
	3721	2
	3722	1
	3723	3725
	3724	7450
	3725	2
	3726	1
	3727	3729
	3728	7458
	3729	2
	3730	1
	3731	3733
	3732	7466
	3733	2
	3734	1
	3735	3737
	3736	7474
	3737	2
	3738	1
	3739	3741
	3740	7482
	3741	2
	3742	1
	3743	3745
	3744	7490
	3745	2
	3746	1
	3747	3749
	3748	7498
	3749	2
	3750	1
	3751	3753
	3752	7506
	3753	2
	3754	1
	3755	3757
	3756	7514
	3757	2
	3758	1
	3759	3761
	3760	7522
	3761	2
	3762	1
	3763	3765
	3764	7530
	3765	2
	3766	1
	3767	3769
	3768	7538
	3769	2
	3770	1
	3771	3773
	3772	7546
	3773	2
	3774	1
	3775	3777
	3776	7554
	3777	2
	3778	1
	3779	3781
	3780	7562
	3781	2
	3782	1
	3783	3785
	3784	7570
	3785	2
	3786	1
	3787	3789
	3788	7578
	3789	2
	3790	1
	3791	3793
	3792	7586
	3793	2
	3794	1
	3795	3797
	3796	7594
	3797	2
	3798	1
	3799	3801
	3800	7602
	3801	2
	3802	1
	3803	3805
	3804	7610
	3805	2
	3806	1
	3807	3809
	3808	7618
	3809	2
	3810	1
	3811	3813
	3812	7626
	3813	2
	3814	1
	3815	3817
	3816	7634
	3817	2
	3818	1
	3819	3821
	3820	7642
	3821	2
	3822	1
	3823	3825
	3824	7650
	3825	2
	3826	1
	3827	3829
	3828	7658
	3829	2
	3830	1
	3831	3833
	3832	7666
	3833	2
	3834	1
	3835	3837
	3836	7674
	3837	2
	3838	1
	3839	3841
	3840	7682
	3841	2
	3842	1
	3843	3845
	3844	7690
	3845	2
	3846	1
	3847	3849
	3848	7698
	3849	2
	3850	1
	3851	3853
	3852	7706
	3853	2
	3854	1
	3855	3857
	3856	7714
	3857	2
	3858	1
	3859	3861
	3860	7722
	3861	2
	3862	1
	3863	3865
	3864	7730
	3865	2
	3866	1
	3867	3869
	3868	7738
	3869	2
	3870	1
	3871	3873
	3872	7746
	3873	2
	3874	1
	3875	3877
	3876	7754
	3877	2
	3878	1
	3879	3881
	3880	7762
	3881	2
	3882	1
	3883	3885
	3884	7770
	3885	2
	3886	1
	3887	3889
	3888	7778
	3889	2
	3890	1
	3891	3893
	3892	7786
	3893	2
	3894	1
	3895	3897
	3896	7794
	3897	2
	3898	1
	3899	3901
	3900	7802
	3901	2
	3902	1
	3903	3905
	3904	7810
	3905	2
	3906	1
	3907	3909
	3908	7818
	3909	2
	3910	1
	3911	3913
	3912	7826
	3913	2
	3914	1
	3915	3917
	3916	7834
	3917	2
	3918	1
	3919	3921
	3920	7842
	3921	2
	3922	1
	3923	3925
	3924	7850
	3925	2
	3926	1
	3927	3929
	3928	7858
	3929	2
	3930	1
	3931	3933
	3932	7866
	3933	2
	3934	1
	3935	3937
	3936	7874
	3937	2
	3938	1
	3939	3941
	3940	7882
	3941	2
	3942	1
	3943	3945
	3944	7890
	3945	2
	3946	1
	3947	3949
	3948	7898
	3949	2
	3950	1
	3951	3953
	3952	7906
	3953	2
	3954	1
	3955	3957
	3956	7914
	3957	2
	3958	1
	3959	3961
	3960	7922
	3961	2
	3962	1
	3963	3965
	3964	7930
	3965	2
	3966	1
	3967	3969
	3968	7938
	3969	2
	3970	1
	3971	3973
	3972	7946
	3973	2
	3974	1
	3975	3977
	3976	7954
	3977	2
	3978	1
	3979	3981
	3980	7962
	3981	2
	3982	1
	3983	3985
	3984	7970
	3985	2
	3986	1
	3987	3989
	3988	7978
	3989	2
	3990	1
	3991	3993
	3992	7986
	3993	2
	3994	1
	3995	3997
	3996	7994
	3997	2
	3998	1
	3999	4001
	4000	8002
	4001	2
	4002	1
	4003	4005
	4004	8010
	4005	2
	4006	1
	4007	4009
	4008	8018
	4009	2
	4010	1
	4011	4013
	4012	8026
	4013	2
	4014	1
	4015	4017
	4016	8034
	4017	2
	4018	1
	4019	4021
	4020	8042
	4021	2
	4022	1
	4023	4025
	4024	8050
	4025	2
	4026	1
	4027	4029
	4028	8058
	4029	2
	4030	1
	4031	4033
	4032	8066
	4033	2
	4034	1
	4035	4037
	4036	8074
	4037	2
	4038	1
	4039	4041
	4040	8082
	4041	2
	4042	1
	4043	4045
	4044	8090
	4045	2
	4046	1
	4047	4049
	4048	8098
	4049	2
	4050	1
	4051	4053
	4052	8106
	4053	2
	4054	1
	4055	4057
	4056	8114
	4057	2
	4058	1
	4059	4061
	4060	8122
	4061	2
	4062	1
	4063	4065
	4064	8130
	4065	2
	4066	1
	4067	4069
	4068	8138
	4069	2
	4070	1
	4071	4073
	4072	8146
	4073	2
	4074	1
	4075	4077
	4076	8154
	4077	2
	4078	1
	4079	4081
	4080	8162
	4081	2
	4082	1
	4083	4085
	4084	8170
	4085	2
	4086	1
	4087	4089
	4088	8178
	4089	2
	4090	1
	4091	4093
	4092	8186
	4093	2
	4094	1
	4095	4097
	4096	8194
	4097	2
	4098	1
	4099	4101
	4100	8202
	4101	2
	4102	1
	4103	4105
	4104	8210
	4105	2
	4106	1
	4107	4109
	4108	8218
	4109	2
	4110	1
	4111	4113
	4112	8226
	4113	2
	4114	1
	4115	4117
	4116	8234
	4117	2
	4118	1
	4119	4121
	4120	8242
	4121	2
	4122	1
	4123	4125
	4124	8250
	4125	2
	4126	1
	4127	4129
	4128	8258
	4129	2
	4130	1
	4131	4133
	4132	8266
	4133	2
	4134	1
	4135	4137
	4136	8274
	4137	2
	4138	1
	4139	4141
	4140	8282
	4141	2
	4142	1
	4143	4145
	4144	8290
	4145	2
	4146	1
	4147	4149
	4148	8298
	4149	2
	4150	1
	4151	4153
	4152	8306
	4153	2
	4154	1
	4155	4157
	4156	8314
	4157	2
	4158	1
	4159	4161
	4160	8322
	4161	2
	4162	1
	4163	4165
	4164	8330
	4165	2
	4166	1
	4167	4169
	4168	8338
	4169	2
	4170	1
	4171	4173
	4172	8346
	4173	2
	4174	1
	4175	4177
	4176	8354
	4177	2
	4178	1
	4179	4181
	4180	8362
	4181	2
	4182	1
	4183	4185
	4184	8370
	4185	2
	4186	1
	4187	4189
	4188	8378
	4189	2
	4190	1
	4191	4193
	4192	8386
	4193	2
	4194	1
	4195	4197
	4196	8394
	4197	2
	4198	1
	4199	4201
	4200	8402
	4201	2
	4202	1
	4203	4205
	4204	8410
	4205	2
	4206	1
	4207	4209
	4208	8418
	4209	2
	4210	1
	4211	4213
	4212	8426
	4213	2
	4214	1
	4215	4217
	4216	8434
	4217	2
	4218	1
	4219	4221
	4220	8442
	4221	2
	4222	1
	4223	4225
	4224	8450
	4225	2
	4226	1
	4227	4229
	4228	8458
	4229	2
	4230	1
	4231	4233
	4232	8466
	4233	2
	4234	1
	4235	4237
	4236	8474
	4237	2
	4238	1
	4239	4241
	4240	8482
	4241	2
	4242	1
	4243	4245
	4244	8490
	4245	2
	4246	1
	4247	4249
	4248	8498
	4249	2
	4250	1
	4251	4253
	4252	8506
	4253	2
	4254	1
	4255	4257
	4256	8514
	4257	2
	4258	1
	4259	4261
	4260	8522
	4261	2
	4262	1
	4263	4265
	4264	8530
	4265	2
	4266	1
	4267	4269
	4268	8538
	4269	2
	4270	1
	4271	4273
	4272	8546
	4273	2
	4274	1
	4275	4277
	4276	8554
	4277	2
	4278	1
	4279	4281
	4280	8562
	4281	2
	4282	1
	4283	4285
	4284	8570
	4285	2
	4286	1
	4287	4289
	4288	8578
	4289	2
	4290	1
	4291	4293
	4292	8586
	4293	2
	4294	1
	4295	4297
	4296	8594
	4297	2
	4298	1
	4299	4301
	4300	8602
	4301	2
	4302	1
	4303	4305
	4304	8610
	4305	2
	4306	1
	4307	4309
	4308	8618
	4309	2
	4310	1
	4311	4313
	4312	8626
	4313	2
	4314	1
	4315	4317
	4316	8634
	4317	2
	4318	1
	4319	4321
	4320	8642
	4321	2
	4322	1
	4323	4325
	4324	8650
	4325	2
	4326	1
	4327	4329
	4328	8658
	4329	2
	4330	1
	4331	4333
	4332	8666
	4333	2
	4334	1
	4335	4337
	4336	8674
	4337	2
	4338	1
	4339	4341
	4340	8682
	4341	2
	4342	1
	4343	4345
	4344	8690
	4345	2
	4346	1
	4347	4349
	4348	8698
	4349	2
	4350	1
	4351	4353
	4352	8706
	4353	2
	4354	1
	4355	4357
	4356	8714
	4357	2
	4358	1
	4359	4361
	4360	8722
	4361	2
	4362	1
	4363	4365
	4364	8730
	4365	2
	4366	1
	4367	4369
	4368	8738
	4369	2
	4370	1
	4371	4373
	4372	8746
	4373	2
	4374	1
	4375	4377
	4376	8754
	4377	2
	4378	1
	4379	4381
	4380	8762
	4381	2
	4382	1
	4383	4385
	4384	8770
	4385	2
	4386	1
	4387	4389
	4388	8778
	4389	2
	4390	1
	4391	4393
	4392	8786
	4393	2
	4394	1
	4395	4397
	4396	8794
	4397	2
	4398	1
	4399	4401
	4400	8802
	4401	2
	4402	1
	4403	4405
	4404	8810
	4405	2
	4406	1
	4407	4409
	4408	8818
	4409	2
	4410	1
	4411	4413
	4412	8826
	4413	2
	4414	1
	4415	4417
	4416	8834
	4417	2
	4418	1
	4419	4421
	4420	8842
	4421	2
	4422	1
	4423	4425
	4424	8850
	4425	2
	4426	1
	4427	4429
	4428	8858
	4429	2
	4430	1
	4431	4433
	4432	8866
	4433	2
	4434	1
	4435	4437
	4436	8874
	4437	2
	4438	1
	4439	4441
	4440	8882
	4441	2
	4442	1
	4443	4445
	4444	8890
	4445	2
	4446	1
	4447	4449
	4448	8898
	4449	2
	4450	1
	4451	4453
	4452	8906
	4453	2
	4454	1
	4455	4457
	4456	8914
	4457	2
	4458	1
	4459	4461
	4460	8922
	4461	2
	4462	1
	4463	4465
	4464	8930
	4465	2
	4466	1
	4467	4469
	4468	8938
	4469	2
	4470	1
	4471	4473
	4472	8946
	4473	2
	4474	1
	4475	4477
	4476	8954
	4477	2
	4478	1
	4479	4481
	4480	8962
	4481	2
	4482	1
	4483	4485
	4484	8970
	4485	2
	4486	1
	4487	4489
	4488	8978
	4489	2
	4490	1
	4491	4493
	4492	8986
	4493	2
	4494	1
	4495	4497
	4496	8994
	4497	2
	4498	1
	4499	4501
	4500	9002
	4501	2
	4502	1
	4503	4505
	4504	9010
	4505	2
	4506	1
	4507	4509
	4508	9018
	4509	2
	4510	1
	4511	4513
	4512	9026
	4513	2
	4514	1
	4515	4517
	4516	9034
	4517	2
	4518	1
	4519	4521
	4520	9042
	4521	2
	4522	1
	4523	4525
	4524	9050
	4525	2
	4526	1
	4527	4529
	4528	9058
	4529	2
	4530	1
	4531	4533
	4532	9066
	4533	2
	4534	1
	4535	4537
	4536	9074
	4537	2
	4538	1
	4539	4541
	4540	9082
	4541	2
	4542	1
	4543	4545
	4544	9090
	4545	2
	4546	1
	4547	4549
	4548	9098
	4549	2
	4550	1
	4551	4553
	4552	9106
	4553	2
	4554	1
	4555	4557
	4556	9114
	4557	2
	4558	1
	4559	4561
	4560	9122
	4561	2
	4562	1
	4563	4565
	4564	9130
	4565	2
	4566	1
	4567	4569
	4568	9138
	4569	2
	4570	1
	4571	4573
	4572	9146
	4573	2
	4574	1
	4575	4577
	4576	9154
	4577	2
	4578	1
	4579	4581
	4580	9162
	4581	2
	4582	1
	4583	4585
	4584	9170
	4585	2
	4586	1
	4587	4589
	4588	9178
	4589	2
	4590	1
	4591	4593
	4592	9186
	4593	2
	4594	1
	4595	4597
	4596	9194
	4597	2
	4598	1
	4599	4601
	4600	9202
	4601	2
	4602	1
	4603	4605
	4604	9210
	4605	2
	4606	1
	4607	4609
	4608	9218
	4609	2
	4610	1
	4611	4613
	4612	9226
	4613	2
	4614	1
	4615	4617
	4616	9234
	4617	2
	4618	1
	4619	4621
	4620	9242
	4621	2
	4622	1
	4623	4625
	4624	9250
	4625	2
	4626	1
	4627	4629
	4628	9258
	4629	2
	4630	1
	4631	4633
	4632	9266
	4633	2
	4634	1
	4635	4637
	4636	9274
	4637	2
	4638	1
	4639	4641
	4640	9282
	4641	2
	4642	1
	4643	4645
	4644	9290
	4645	2
	4646	1
	4647	4649
	4648	9298
	4649	2
	4650	1
	4651	4653
	4652	9306
	4653	2
	4654	1
	4655	4657
	4656	9314
	4657	2
	4658	1
	4659	4661
	4660	9322
	4661	2
	4662	1
	4663	4665
	4664	9330
	4665	2
	4666	1
	4667	4669
	4668	9338
	4669	2
	4670	1
	4671	4673
	4672	9346
	4673	2
	4674	1
	4675	4677
	4676	9354
	4677	2
	4678	1
	4679	4681
	4680	9362
	4681	2
	4682	1
	4683	4685
	4684	9370
	4685	2
	4686	1
	4687	4689
	4688	9378
	4689	2
	4690	1
	4691	4693
	4692	9386
	4693	2
	4694	1
	4695	4697
	4696	9394
	4697	2
	4698	1
	4699	4701
	4700	9402
	4701	2
	4702	1
	4703	4705
	4704	9410
	4705	2
	4706	1
	4707	4709
	4708	9418
	4709	2
	4710	1
	4711	4713
	4712	9426
	4713	2
	4714	1
	4715	4717
	4716	9434
	4717	2
	4718	1
	4719	4721
	4720	9442
	4721	2
	4722	1
	4723	4725
	4724	9450
	4725	2
	4726	1
	4727	4729
	4728	9458
	4729	2
	4730	1
	4731	4733
	4732	9466
	4733	2
	4734	1
	4735	4737
	4736	9474
	4737	2
	4738	1
	4739	4741
	4740	9482
	4741	2
	4742	1
	4743	4745
	4744	9490
	4745	2
	4746	1
	4747	4749
	4748	9498
	4749	2
	4750	1
	4751	4753
	4752	9506
	4753	2
	4754	1
	4755	4757
	4756	9514
	4757	2
	4758	1
	4759	4761
	4760	9522
	4761	2
	4762	1
	4763	4765
	4764	9530
	4765	2
	4766	1
	4767	4769
	4768	9538
	4769	2
	4770	1
	4771	4773
	4772	9546
	4773	2
	4774	1
	4775	4777
	4776	9554
	4777	2
	4778	1
	4779	4781
	4780	9562
	4781	2
	4782	1
	4783	4785
	4784	9570
	4785	2
	4786	1
	4787	4789
	4788	9578
	4789	2
	4790	1
	4791	4793
	4792	9586
	4793	2
	4794	1
	4795	4797
	4796	9594
	4797	2
	4798	1
	4799	4801
	4800	9602
	4801	2
	4802	1
	4803	4805
	4804	9610
	4805	2
	4806	1
	4807	4809
	4808	9618
	4809	2
	4810	1
	4811	4813
	4812	9626
	4813	2
	4814	1
	4815	4817
	4816	9634
	4817	2
	4818	1
	4819	4821
	4820	9642
	4821	2
	4822	1
	4823	4825
	4824	9650
	4825	2
	4826	1
	4827	4829
	4828	9658
	4829	2
	4830	1
	4831	4833
	4832	9666
	4833	2
	4834	1
	4835	4837
	4836	9674
	4837	2
	4838	1
	4839	4841
	4840	9682
	4841	2
	4842	1
	4843	4845
	4844	9690
	4845	2
	4846	1
	4847	4849
	4848	9698
	4849	2
	4850	1
	4851	4853
	4852	9706
	4853	2
	4854	1
	4855	4857
	4856	9714
	4857	2
	4858	1
	4859	4861
	4860	9722
	4861	2
	4862	1
	4863	4865
	4864	9730
	4865	2
	4866	1
	4867	4869
	4868	9738
	4869	2
	4870	1
	4871	4873
	4872	9746
	4873	2
	4874	1
	4875	4877
	4876	9754
	4877	2
	4878	1
	4879	4881
	4880	9762
	4881	2
	4882	1
	4883	4885
	4884	9770
	4885	2
	4886	1
	4887	4889
	4888	9778
	4889	2
	4890	1
	4891	4893
	4892	9786
	4893	2
	4894	1
	4895	4897
	4896	9794
	4897	2
	4898	1
	4899	4901
	4900	9802
	4901	2
	4902	1
	4903	4905
	4904	9810
	4905	2
	4906	1
	4907	4909
	4908	9818
	4909	2
	4910	1
	4911	4913
	4912	9826
	4913	2
	4914	1
	4915	4917
	4916	9834
	4917	2
	4918	1
	4919	4921
	4920	9842
	4921	2
	4922	1
	4923	4925
	4924	9850
	4925	2
	4926	1
	4927	4929
	4928	9858
	4929	2
	4930	1
	4931	4933
	4932	9866
	4933	2
	4934	1
	4935	4937
	4936	9874
	4937	2
	4938	1
	4939	4941
	4940	9882
	4941	2
	4942	1
	4943	4945
	4944	9890
	4945	2
	4946	1
	4947	4949
	4948	9898
	4949	2
	4950	1
	4951	4953
	4952	9906
	4953	2
	4954	1
	4955	4957
	4956	9914
	4957	2
	4958	1
	4959	4961
	4960	9922
	4961	2
	4962	1
	4963	4965
	4964	9930
	4965	2
	4966	1
	4967	4969
	4968	9938
	4969	2
	4970	1
	4971	4973
	4972	9946
	4973	2
	4974	1
	4975	4977
	4976	9954
	4977	2
	4978	1
	4979	4981
	4980	9962
	4981	2
	4982	1
	4983	4985
	4984	9970
	4985	2
	4986	1
	4987	4989
	4988	9978
	4989	2
	4990	1
	4991	4993
	4992	9986
	4993	2
	4994	1
	4995	4997
	4996	9994
	4997	2
	4998	1
	4999	5001
	5000	10002
	5001	2
	5002	1
	5003	5005
	5004	10010
	5005	2
	5006	1
	5007	5009
	5008	10018
	5009	2
	5010	1
	5011	5013
	5012	10026
	5013	2
	5014	1
	5015	5017
	5016	10034
	5017	2
	5018	1
	5019	5021
	5020	10042
	5021	2
	5022	1
	5023	5025
	5024	10050
	5025	2
	5026	1
	5027	5029
	5028	10058
	5029	2
	5030	1
	5031	5033
	5032	10066
	5033	2
	5034	1
	5035	5037
	5036	10074
	5037	2
	5038	1
	5039	5041
	5040	10082
	5041	2
	5042	1
	5043	5045
	5044	10090
	5045	2
	5046	1
	5047	5049
	5048	10098
	5049	2
	5050	1
	5051	5053
	5052	10106
	5053	2
	5054	1
	5055	5057
	5056	10114
	5057	2
	5058	1
	5059	5061
	5060	10122
	5061	2
	5062	1
	5063	5065
	5064	10130
	5065	2
	5066	1
	5067	5069
	5068	10138
	5069	2
	5070	1
	5071	5073
	5072	10146
	5073	2
	5074	1
	5075	5077
	5076	10154
	5077	2
	5078	1
	5079	5081
	5080	10162
	5081	2
	5082	1
	5083	5085
	5084	10170
	5085	2
	5086	1
	5087	5089
	5088	10178
	5089	2
	5090	1
	5091	5093
	5092	10186
	5093	2
	5094	1
	5095	5097
	5096	10194
	5097	2
	5098	1
	5099	5101
	5100	10202
	5101	2
	5102	1
	5103	5105
	5104	10210
	5105	2
	5106	1
	5107	5109
	5108	10218
	5109	2
	5110	1
	5111	5113
	5112	10226
	5113	2
	5114	1
	5115	5117
	5116	10234
	5117	2
	5118	1
	5119	5121
	5120	10242
	5121	2
	5122	1
	5123	5125
	5124	10250
	5125	2
	5126	1
	5127	5129
	5128	10258
	5129	2
	5130	1
	5131	5133
	5132	10266
	5133	2
	5134	1
	5135	5137
	5136	10274
	5137	2
	5138	1
	5139	5141
	5140	10282
	5141	2
	5142	1
	5143	5145
	5144	10290
	5145	2
	5146	1
	5147	5149
	5148	10298
	5149	2
	5150	1
	5151	5153
	5152	10306
	5153	2
	5154	1
	5155	5157
	5156	10314
	5157	2
	5158	1
	5159	5161
	5160	10322
	5161	2
	5162	1
	5163	5165
	5164	10330
	5165	2
	5166	1
	5167	5169
	5168	10338
	5169	2
	5170	1
	5171	5173
	5172	10346
	5173	2
	5174	1
	5175	5177
	5176	10354
	5177	2
	5178	1
	5179	5181
	5180	10362
	5181	2
	5182	1
	5183	5185
	5184	10370
	5185	2
	5186	1
	5187	5189
	5188	10378
	5189	2
	5190	1
	5191	5193
	5192	10386
	5193	2
	5194	1
	5195	5197
	5196	10394
	5197	2
	5198	1
	5199	5201
	5200	10402
	5201	2
	5202	1
	5203	5205
	5204	10410
	5205	2
	5206	1
	5207	5209
	5208	10418
	5209	2
	5210	1
	5211	5213
	5212	10426
	5213	2
	5214	1
	5215	5217
	5216	10434
	5217	2
	5218	1
	5219	5221
	5220	10442
	5221	2
	5222	1
	5223	5225
	5224	10450
	5225	2
	5226	1
	5227	5229
	5228	10458
	5229	2
	5230	1
	5231	5233
	5232	10466
	5233	2
	5234	1
	5235	5237
	5236	10474
	5237	2
	5238	1
	5239	5241
	5240	10482
	5241	2
	5242	1
	5243	5245
	5244	10490
	5245	2
	5246	1
	5247	5249
	5248	10498
	5249	2
	5250	1
	5251	5253
	5252	10506
	5253	2
	5254	1
	5255	5257
	5256	10514
	5257	2
	5258	1
	5259	5261
	5260	10522
	5261	2
	5262	1
	5263	5265
	5264	10530
	5265	2
	5266	1
	5267	5269
	5268	10538
	5269	2
	5270	1
	5271	5273
	5272	10546
	5273	2
	5274	1
	5275	5277
	5276	10554
	5277	2
	5278	1
	5279	5281
	5280	10562
	5281	2
	5282	1
	5283	5285
	5284	10570
	5285	2
	5286	1
	5287	5289
	5288	10578
	5289	2
	5290	1
	5291	5293
	5292	10586
	5293	2
	5294	1
	5295	5297
	5296	10594
	5297	2
	5298	1
	5299	5301
	5300	10602
	5301	2
	5302	1
	5303	5305
	5304	10610
	5305	2
	5306	1
	5307	5309
	5308	10618
	5309	2
	5310	1
	5311	5313
	5312	10626
	5313	2
	5314	1
	5315	5317
	5316	10634
	5317	2
	5318	1
	5319	5321
	5320	10642
	5321	2
	5322	1
	5323	5325
	5324	10650
	5325	2
	5326	1
	5327	5329
	5328	10658
	5329	2
	5330	1
	5331	5333
	5332	10666
	5333	2
	5334	1
	5335	5337
	5336	10674
	5337	2
	5338	1
	5339	5341
	5340	10682
	5341	2
	5342	1
	5343	5345
	5344	10690
	5345	2
	5346	1
	5347	5349
	5348	10698
	5349	2
	5350	1
	5351	5353
	5352	10706
	5353	2
	5354	1
	5355	5357
	5356	10714
	5357	2
	5358	1
	5359	5361
	5360	10722
	5361	2
	5362	1
	5363	5365
	5364	10730
	5365	2
	5366	1
	5367	5369
	5368	10738
	5369	2
	5370	1
	5371	5373
	5372	10746
	5373	2
	5374	1
	5375	5377
	5376	10754
	5377	2
	5378	1
	5379	5381
	5380	10762
	5381	2
	5382	1
	5383	5385
	5384	10770
	5385	2
	5386	1
	5387	5389
	5388	10778
	5389	2
	5390	1
	5391	5393
	5392	10786
	5393	2
	5394	1
	5395	5397
	5396	10794
	5397	2
	5398	1
	5399	5401
	5400	10802
	5401	2
	5402	1
	5403	5405
	5404	10810
	5405	2
	5406	1
	5407	5409
	5408	10818
	5409	2
	5410	1
	5411	5413
	5412	10826
	5413	2
	5414	1
	5415	5417
	5416	10834
	5417	2
	5418	1
	5419	5421
	5420	10842
	5421	2
	5422	1
	5423	5425
	5424	10850
	5425	2
	5426	1
	5427	5429
	5428	10858
	5429	2
	5430	1
	5431	5433
	5432	10866
	5433	2
	5434	1
	5435	5437
	5436	10874
	5437	2
	5438	1
	5439	5441
	5440	10882
	5441	2
	5442	1
	5443	5445
	5444	10890
	5445	2
	5446	1
	5447	5449
	5448	10898
	5449	2
	5450	1
	5451	5453
	5452	10906
	5453	2
	5454	1
	5455	5457
	5456	10914
	5457	2
	5458	1
	5459	5461
	5460	10922
	5461	2
	5462	1
	5463	5465
	5464	10930
	5465	2
	5466	1
	5467	5469
	5468	10938
	5469	2
	5470	1
	5471	5473
	5472	10946
	5473	2
	5474	1
	5475	5477
	5476	10954
	5477	2
	5478	1
	5479	5481
	5480	10962
	5481	2
	5482	1
	5483	5485
	5484	10970
	5485	2
	5486	1
	5487	5489
	5488	10978
	5489	2
	5490	1
	5491	5493
	5492	10986
	5493	2
	5494	1
	5495	5497
	5496	10994
	5497	2
	5498	1
	5499	5501
	5500	11002
	5501	2
	5502	1
	5503	5505
	5504	11010
	5505	2
	5506	1
	5507	5509
	5508	11018
	5509	2
	5510	1
	5511	5513
	5512	11026
	5513	2
	5514	1
	5515	5517
	5516	11034
	5517	2
	5518	1
	5519	5521
	5520	11042
	5521	2
	5522	1
	5523	5525
	5524	11050
	5525	2
	5526	1
	5527	5529
	5528	11058
	5529	2
	5530	1
	5531	5533
	5532	11066
	5533	2
	5534	1
	5535	5537
	5536	11074
	5537	2
	5538	1
	5539	5541
	5540	11082
	5541	2
	5542	1
	5543	5545
	5544	11090
	5545	2
	5546	1
	5547	5549
	5548	11098
	5549	2
	5550	1
	5551	5553
	5552	11106
	5553	2
	5554	1
	5555	5557
	5556	11114
	5557	2
	5558	1
	5559	5561
	5560	11122
	5561	2
	5562	1
	5563	5565
	5564	11130
	5565	2
	5566	1
	5567	5569
	5568	11138
	5569	2
	5570	1
	5571	5573
	5572	11146
	5573	2
	5574	1
	5575	5577
	5576	11154
	5577	2
	5578	1
	5579	5581
	5580	11162
	5581	2
	5582	1
	5583	5585
	5584	11170
	5585	2
	5586	1
	5587	5589
	5588	11178
	5589	2
	5590	1
	5591	5593
	5592	11186
	5593	2
	5594	1
	5595	5597
	5596	11194
	5597	2
	5598	1
	5599	5601
	5600	11202
	5601	2
	5602	1
	5603	5605
	5604	11210
	5605	2
	5606	1
	5607	5609
	5608	11218
	5609	2
	5610	1
	5611	5613
	5612	11226
	5613	2
	5614	1
	5615	5617
	5616	11234
	5617	2
	5618	1
	5619	5621
	5620	11242
	5621	2
	5622	1
	5623	5625
	5624	11250
	5625	2
	5626	1
	5627	5629
	5628	11258
	5629	2
	5630	1
	5631	5633
	5632	11266
	5633	2
	5634	1
	5635	5637
	5636	11274
	5637	2
	5638	1
	5639	5641
	5640	11282
	5641	2
	5642	1
	5643	5645
	5644	11290
	5645	2
	5646	1
	5647	5649
	5648	11298
	5649	2
	5650	1
	5651	5653
	5652	11306
	5653	2
	5654	1
	5655	5657
	5656	11314
	5657	2
	5658	1
	5659	5661
	5660	11322
	5661	2
	5662	1
	5663	5665
	5664	11330
	5665	2
	5666	1
	5667	5669
	5668	11338
	5669	2
	5670	1
	5671	5673
	5672	11346
	5673	2
	5674	1
	5675	5677
	5676	11354
	5677	2
	5678	1
	5679	5681
	5680	11362
	5681	2
	5682	1
	5683	5685
	5684	11370
	5685	2
	5686	1
	5687	5689
	5688	11378
	5689	2
	5690	1
	5691	5693
	5692	11386
	5693	2
	5694	1
	5695	5697
	5696	11394
	5697	2
	5698	1
	5699	5701
	5700	11402
	5701	2
	5702	1
	5703	5705
	5704	11410
	5705	2
	5706	1
	5707	5709
	5708	11418
	5709	2
	5710	1
	5711	5713
	5712	11426
	5713	2
	5714	1
	5715	5717
	5716	11434
	5717	2
	5718	1
	5719	5721
	5720	11442
	5721	2
	5722	1
	5723	5725
	5724	11450
	5725	2
	5726	1
	5727	5729
	5728	11458
	5729	2
	5730	1
	5731	5733
	5732	11466
	5733	2
	5734	1
	5735	5737
	5736	11474
	5737	2
	5738	1
	5739	5741
	5740	11482
	5741	2
	5742	1
	5743	5745
	5744	11490
	5745	2
	5746	1
	5747	5749
	5748	11498
	5749	2
	5750	1
	5751	5753
	5752	11506
	5753	2
	5754	1
	5755	5757
	5756	11514
	5757	2
	5758	1
	5759	5761
	5760	11522
	5761	2
	5762	1
	5763	5765
	5764	11530
	5765	2
	5766	1
	5767	5769
	5768	11538
	5769	2
	5770	1
	5771	5773
	5772	11546
	5773	2
	5774	1
	5775	5777
	5776	11554
	5777	2
	5778	1
	5779	5781
	5780	11562
	5781	2
	5782	1
	5783	5785
	5784	11570
	5785	2
	5786	1
	5787	5789
	5788	11578
	5789	2
	5790	1
	5791	5793
	5792	11586
	5793	2
	5794	1
	5795	5797
	5796	11594
	5797	2
	5798	1
	5799	5801
	5800	11602
	5801	2
	5802	1
	5803	5805
	5804	11610
	5805	2
	5806	1
	5807	5809
	5808	11618
	5809	2
	5810	1
	5811	5813
	5812	11626
	5813	2
	5814	1
	5815	5817
	5816	11634
	5817	2
	5818	1
	5819	5821
	5820	11642
	5821	2
	5822	1
	5823	5825
	5824	11650
	5825	2
	5826	1
	5827	5829
	5828	11658
	5829	2
	5830	1
	5831	5833
	5832	11666
	5833	2
	5834	1
	5835	5837
	5836	11674
	5837	2
	5838	1
	5839	5841
	5840	11682
	5841	2
	5842	1
	5843	5845
	5844	11690
	5845	2
	5846	1
	5847	5849
	5848	11698
	5849	2
	5850	1
	5851	5853
	5852	11706
	5853	2
	5854	1
	5855	5857
	5856	11714
	5857	2
	5858	1
	5859	5861
	5860	11722
	5861	2
	5862	1
	5863	5865
	5864	11730
	5865	2
	5866	1
	5867	5869
	5868	11738
	5869	2
	5870	1
	5871	5873
	5872	11746
	5873	2
	5874	1
	5875	5877
	5876	11754
	5877	2
	5878	1
	5879	5881
	5880	11762
	5881	2
	5882	1
	5883	5885
	5884	11770
	5885	2
	5886	1
	5887	5889
	5888	11778
	5889	2
	5890	1
	5891	5893
	5892	11786
	5893	2
	5894	1
	5895	5897
	5896	11794
	5897	2
	5898	1
	5899	5901
	5900	11802
	5901	2
	5902	1
	5903	5905
	5904	11810
	5905	2
	5906	1
	5907	5909
	5908	11818
	5909	2
	5910	1
	5911	5913
	5912	11826
	5913	2
	5914	1
	5915	5917
	5916	11834
	5917	2
	5918	1
	5919	5921
	5920	11842
	5921	2
	5922	1
	5923	5925
	5924	11850
	5925	2
	5926	1
	5927	5929
	5928	11858
	5929	2
	5930	1
	5931	5933
	5932	11866
	5933	2
	5934	1
	5935	5937
	5936	11874
	5937	2
	5938	1
	5939	5941
	5940	11882
	5941	2
	5942	1
	5943	5945
	5944	11890
	5945	2
	5946	1
	5947	5949
	5948	11898
	5949	2
	5950	1
	5951	5953
	5952	11906
	5953	2
	5954	1
	5955	5957
	5956	11914
	5957	2
	5958	1
	5959	5961
	5960	11922
	5961	2
	5962	1
	5963	5965
	5964	11930
	5965	2
	5966	1
	5967	5969
	5968	11938
	5969	2
	5970	1
	5971	5973
	5972	11946
	5973	2
	5974	1
	5975	5977
	5976	11954
	5977	2
	5978	1
	5979	5981
	5980	11962
	5981	2
	5982	1
	5983	5985
	5984	11970
	5985	2
	5986	1
	5987	5989
	5988	11978
	5989	2
	5990	1
	5991	5993
	5992	11986
	5993	2
	5994	1
	5995	5997
	5996	11994
	5997	2
	5998	1
	5999	6001
	6000	12002
	6001	2
	6002	1
	6003	6005
	6004	12010
	6005	2
	6006	1
	6007	6009
	6008	12018
	6009	2
	6010	1
	6011	6013
	6012	12026
	6013	2
	6014	1
	6015	6017
	6016	12034
	6017	2
	6018	1
	6019	6021
	6020	12042
	6021	2
	6022	1
	6023	6025
	6024	12050
	6025	2
	6026	1
	6027	6029
	6028	12058
	6029	2
	6030	1
	6031	6033
	6032	12066
	6033	2
	6034	1
	6035	6037
	6036	12074
	6037	2
	6038	1
	6039	6041
	6040	12082
	6041	2
	6042	1
	6043	6045
	6044	12090
	6045	2
	6046	1
	6047	6049
	6048	12098
	6049	2
	6050	1
	6051	6053
	6052	12106
	6053	2
	6054	1
	6055	6057
	6056	12114
	6057	2
	6058	1
	6059	6061
	6060	12122
	6061	2
	6062	1
	6063	6065
	6064	12130
	6065	2
	6066	1
	6067	6069
	6068	12138
	6069	2
	6070	1
	6071	6073
	6072	12146
	6073	2
	6074	1
	6075	6077
	6076	12154
	6077	2
	6078	1
	6079	6081
	6080	12162
	6081	2
	6082	1
	6083	6085
	6084	12170
	6085	2
	6086	1
	6087	6089
	6088	12178
	6089	2
	6090	1
	6091	6093
	6092	12186
	6093	2
	6094	1
	6095	6097
	6096	12194
	6097	2
	6098	1
	6099	6101
	6100	12202
	6101	2
	6102	1
	6103	6105
	6104	12210
	6105	2
	6106	1
	6107	6109
	6108	12218
	6109	2
	6110	1
	6111	6113
	6112	12226
	6113	2
	6114	1
	6115	6117
	6116	12234
	6117	2
	6118	1
	6119	6121
	6120	12242
	6121	2
	6122	1
	6123	6125
	6124	12250
	6125	2
	6126	1
	6127	6129
	6128	12258
	6129	2
	6130	1
	6131	6133
	6132	12266
	6133	2
	6134	1
	6135	6137
	6136	12274
	6137	2
	6138	1
	6139	6141
	6140	12282
	6141	2
	6142	1
	6143	6145
	6144	12290
	6145	2
	6146	1
	6147	6149
	6148	12298
	6149	2
	6150	1
	6151	6153
	6152	12306
	6153	2
	6154	1
	6155	6157
	6156	12314
	6157	2
	6158	1
	6159	6161
	6160	12322
	6161	2
	6162	1
	6163	6165
	6164	12330
	6165	2
	6166	1
	6167	6169
	6168	12338
	6169	2
	6170	1
	6171	6173
	6172	12346
	6173	2
	6174	1
	6175	6177
	6176	12354
	6177	2
	6178	1
	6179	6181
	6180	12362
	6181	2
	6182	1
	6183	6185
	6184	12370
	6185	2
	6186	1
	6187	6189
	6188	12378
	6189	2
	6190	1
	6191	6193
	6192	12386
	6193	2
	6194	1
	6195	6197
	6196	12394
	6197	2
	6198	1
	6199	6201
	6200	12402
	6201	2
	6202	1
	6203	6205
	6204	12410
	6205	2
	6206	1
	6207	6209
	6208	12418
	6209	2
	6210	1
	6211	6213
	6212	12426
	6213	2
	6214	1
	6215	6217
	6216	12434
	6217	2
	6218	1
	6219	6221
	6220	12442
	6221	2
	6222	1
	6223	6225
	6224	12450
	6225	2
	6226	1
	6227	6229
	6228	12458
	6229	2
	6230	1
	6231	6233
	6232	12466
	6233	2
	6234	1
	6235	6237
	6236	12474
	6237	2
	6238	1
	6239	6241
	6240	12482
	6241	2
	6242	1
	6243	6245
	6244	12490
	6245	2
	6246	1
	6247	6249
	6248	12498
	6249	2
	6250	1
	6251	6253
	6252	12506
	6253	2
	6254	1
	6255	6257
	6256	12514
	6257	2
	6258	1
	6259	6261
	6260	12522
	6261	2
	6262	1
	6263	6265
	6264	12530
	6265	2
	6266	1
	6267	6269
	6268	12538
	6269	2
	6270	1
	6271	6273
	6272	12546
	6273	2
	6274	1
	6275	6277
	6276	12554
	6277	2
	6278	1
	6279	6281
	6280	12562
	6281	2
	6282	1
	6283	6285
	6284	12570
	6285	2
	6286	1
	6287	6289
	6288	12578
	6289	2
	6290	1
	6291	6293
	6292	12586
	6293	2
	6294	1
	6295	6297
	6296	12594
	6297	2
	6298	1
	6299	6301
	6300	12602
	6301	2
	6302	1
	6303	6305
	6304	12610
	6305	2
	6306	1
	6307	6309
	6308	12618
	6309	2
	6310	1
	6311	6313
	6312	12626
	6313	2
	6314	1
	6315	6317
	6316	12634
	6317	2
	6318	1
	6319	6321
	6320	12642
	6321	2
	6322	1
	6323	6325
	6324	12650
	6325	2
	6326	1
	6327	6329
	6328	12658
	6329	2
	6330	1
	6331	6333
	6332	12666
	6333	2
	6334	1
	6335	6337
	6336	12674
	6337	2
	6338	1
	6339	6341
	6340	12682
	6341	2
	6342	1
	6343	6345
	6344	12690
	6345	2
	6346	1
	6347	6349
	6348	12698
	6349	2
	6350	1
	6351	6353
	6352	12706
	6353	2
	6354	1
	6355	6357
	6356	12714
	6357	2
	6358	1
	6359	6361
	6360	12722
	6361	2
	6362	1
	6363	6365
	6364	12730
	6365	2
	6366	1
	6367	6369
	6368	12738
	6369	2
	6370	1
	6371	6373
	6372	12746
	6373	2
	6374	1
	6375	6377
	6376	12754
	6377	2
	6378	1
	6379	6381
	6380	12762
	6381	2
	6382	1
	6383	6385
	6384	12770
	6385	2
	6386	1
	6387	6389
	6388	12778
	6389	2
	6390	1
	6391	6393
	6392	12786
	6393	2
	6394	1
	6395	6397
	6396	12794
	6397	2
	6398	1
	6399	6401
	6400	12802
	6401	2
	6402	1
	6403	6405
	6404	12810
	6405	2
	6406	1
	6407	6409
	6408	12818
	6409	2
	6410	1
	6411	6413
	6412	12826
	6413	2
	6414	1
	6415	6417
	6416	12834
	6417	2
	6418	1
	6419	6421
	6420	12842
	6421	2
	6422	1
	6423	6425
	6424	12850
	6425	2
	6426	1
	6427	6429
	6428	12858
	6429	2
	6430	1
	6431	6433
	6432	12866
	6433	2
	6434	1
	6435	6437
	6436	12874
	6437	2
	6438	1
	6439	6441
	6440	12882
	6441	2
	6442	1
	6443	6445
	6444	12890
	6445	2
	6446	1
	6447	6449
	6448	12898
	6449	2
	6450	1
	6451	6453
	6452	12906
	6453	2
	6454	1
	6455	6457
	6456	12914
	6457	2
	6458	1
	6459	6461
	6460	12922
	6461	2
	6462	1
	6463	6465
	6464	12930
	6465	2
	6466	1
	6467	6469
	6468	12938
	6469	2
	6470	1
	6471	6473
	6472	12946
	6473	2
	6474	1
	6475	6477
	6476	12954
	6477	2
	6478	1
	6479	6481
	6480	12962
	6481	2
	6482	1
	6483	6485
	6484	12970
	6485	2
	6486	1
	6487	6489
	6488	12978
	6489	2
	6490	1
	6491	6493
	6492	12986
	6493	2
	6494	1
	6495	6497
	6496	12994
	6497	2
	6498	1
	6499	6501
	6500	13002
	6501	2
	6502	1
	6503	6505
	6504	13010
	6505	2
	6506	1
	6507	6509
	6508	13018
	6509	2
	6510	1
	6511	6513
	6512	13026
	6513	2
	6514	1
	6515	6517
	6516	13034
	6517	2
	6518	1
	6519	6521
	6520	13042
	6521	2
	6522	1
	6523	6525
	6524	13050
	6525	2
	6526	1
	6527	6529
	6528	13058
	6529	2
	6530	1
	6531	6533
	6532	13066
	6533	2
	6534	1
	6535	6537
	6536	13074
	6537	2
	6538	1
	6539	6541
	6540	13082
	6541	2
	6542	1
	6543	6545
	6544	13090
	6545	2
	6546	1
	6547	6549
	6548	13098
	6549	2
	6550	1
	6551	6553
	6552	13106
	6553	2
	6554	1
	6555	6557
	6556	13114
	6557	2
	6558	1
	6559	6561
	6560	13122
	6561	2
	6562	1
	6563	6565
	6564	13130
	6565	2
	6566	1
	6567	6569
	6568	13138
	6569	2
	6570	1
	6571	6573
	6572	13146
	6573	2
	6574	1
	6575	6577
	6576	13154
	6577	2
	6578	1
	6579	6581
	6580	13162
	6581	2
	6582	1
	6583	6585
	6584	13170
	6585	2
	6586	1
	6587	6589
	6588	13178
	6589	2
	6590	1
	6591	6593
	6592	13186
	6593	2
	6594	1
	6595	6597
	6596	13194
	6597	2
	6598	1
	6599	6601
	6600	13202
	6601	2
	6602	1
	6603	6605
	6604	13210
	6605	2
	6606	1
	6607	6609
	6608	13218
	6609	2
	6610	1
	6611	6613
	6612	13226
	6613	2
	6614	1
	6615	6617
	6616	13234
	6617	2
	6618	1
	6619	6621
	6620	13242
	6621	2
	6622	1
	6623	6625
	6624	13250
	6625	2
	6626	1
	6627	6629
	6628	13258
	6629	2
	6630	1
	6631	6633
	6632	13266
	6633	2
	6634	1
	6635	6637
	6636	13274
	6637	2
	6638	1
	6639	6641
	6640	13282
	6641	2
	6642	1
	6643	6645
	6644	13290
	6645	2
	6646	1
	6647	6649
	6648	13298
	6649	2
	6650	1
	6651	6653
	6652	13306
	6653	2
	6654	1
	6655	6657
	6656	13314
	6657	2
	6658	1
	6659	6661
	6660	13322
	6661	2
	6662	1
	6663	6665
	6664	13330
	6665	2
	6666	1
	6667	6669
	6668	13338
	6669	2
	6670	1
	6671	6673
	6672	13346
	6673	2
	6674	1
	6675	6677
	6676	13354
	6677	2
	6678	1
	6679	6681
	6680	13362
	6681	2
	6682	1
	6683	6685
	6684	13370
	6685	2
	6686	1
	6687	6689
	6688	13378
	6689	2
	6690	1
	6691	6693
	6692	13386
	6693	2
	6694	1
	6695	6697
	6696	13394
	6697	2
	6698	1
	6699	6701
	6700	13402
	6701	2
	6702	1
	6703	6705
	6704	13410
	6705	2
	6706	1
	6707	6709
	6708	13418
	6709	2
	6710	1
	6711	6713
	6712	13426
	6713	2
	6714	1
	6715	6717
	6716	13434
	6717	2
	6718	1
	6719	6721
	6720	13442
	6721	2
	6722	1
	6723	6725
	6724	13450
	6725	2
	6726	1
	6727	6729
	6728	13458
	6729	2
	6730	1
	6731	6733
	6732	13466
	6733	2
	6734	1
	6735	6737
	6736	13474
	6737	2
	6738	1
	6739	6741
	6740	13482
	6741	2
	6742	1
	6743	6745
	6744	13490
	6745	2
	6746	1
	6747	6749
	6748	13498
	6749	2
	6750	1
	6751	6753
	6752	13506
	6753	2
	6754	1
	6755	6757
	6756	13514
	6757	2
	6758	1
	6759	6761
	6760	13522
	6761	2
	6762	1
	6763	6765
	6764	13530
	6765	2
	6766	1
	6767	6769
	6768	13538
	6769	2
	6770	1
	6771	6773
	6772	13546
	6773	2
	6774	1
	6775	6777
	6776	13554
	6777	2
	6778	1
	6779	6781
	6780	13562
	6781	2
	6782	1
	6783	6785
	6784	13570
	6785	2
	6786	1
	6787	6789
	6788	13578
	6789	2
	6790	1
	6791	6793
	6792	13586
	6793	2
	6794	1
	6795	6797
	6796	13594
	6797	2
	6798	1
	6799	6801
	6800	13602
	6801	2
	6802	1
	6803	6805
	6804	13610
	6805	2
	6806	1
	6807	6809
	6808	13618
	6809	2
	6810	1
	6811	6813
	6812	13626
	6813	2
	6814	1
	6815	6817
	6816	13634
	6817	2
	6818	1
	6819	6821
	6820	13642
	6821	2
	6822	1
	6823	6825
	6824	13650
	6825	2
	6826	1
	6827	6829
	6828	13658
	6829	2
	6830	1
	6831	6833
	6832	13666
	6833	2
	6834	1
	6835	6837
	6836	13674
	6837	2
	6838	1
	6839	6841
	6840	13682
	6841	2
	6842	1
	6843	6845
	6844	13690
	6845	2
	6846	1
	6847	6849
	6848	13698
	6849	2
	6850	1
	6851	6853
	6852	13706
	6853	2
	6854	1
	6855	6857
	6856	13714
	6857	2
	6858	1
	6859	6861
	6860	13722
	6861	2
	6862	1
	6863	6865
	6864	13730
	6865	2
	6866	1
	6867	6869
	6868	13738
	6869	2
	6870	1
	6871	6873
	6872	13746
	6873	2
	6874	1
	6875	6877
	6876	13754
	6877	2
	6878	1
	6879	6881
	6880	13762
	6881	2
	6882	1
	6883	6885
	6884	13770
	6885	2
	6886	1
	6887	6889
	6888	13778
	6889	2
	6890	1
	6891	6893
	6892	13786
	6893	2
	6894	1
	6895	6897
	6896	13794
	6897	2
	6898	1
	6899	6901
	6900	13802
	6901	2
	6902	1
	6903	6905
	6904	13810
	6905	2
	6906	1
	6907	6909
	6908	13818
	6909	2
	6910	1
	6911	6913
	6912	13826
	6913	2
	6914	1
	6915	6917
	6916	13834
	6917	2
	6918	1
	6919	6921
	6920	13842
	6921	2
	6922	1
	6923	6925
	6924	13850
	6925	2
	6926	1
	6927	6929
	6928	13858
	6929	2
	6930	1
	6931	6933
	6932	13866
	6933	2
	6934	1
	6935	6937
	6936	13874
	6937	2
	6938	1
	6939	6941
	6940	13882
	6941	2
	6942	1
	6943	6945
	6944	13890
	6945	2
	6946	1
	6947	6949
	6948	13898
	6949	2
	6950	1
	6951	6953
	6952	13906
	6953	2
	6954	1
	6955	6957
	6956	13914
	6957	2
	6958	1
	6959	6961
	6960	13922
	6961	2
	6962	1
	6963	6965
	6964	13930
	6965	2
	6966	1
	6967	6969
	6968	13938
	6969	2
	6970	1
	6971	6973
	6972	13946
	6973	2
	6974	1
	6975	6977
	6976	13954
	6977	2
	6978	1
	6979	6981
	6980	13962
	6981	2
	6982	1
	6983	6985
	6984	13970
	6985	2
	6986	1
	6987	6989
	6988	13978
	6989	2
	6990	1
	6991	6993
	6992	13986
	6993	2
	6994	1
	6995	6997
	6996	13994
	6997	2
	6998	1
	6999	7001
	7000	14002
	7001	2
	7002	1
	7003	7005
	7004	14010
	7005	2
	7006	1
	7007	7009
	7008	14018
	7009	2
	7010	1
	7011	7013
	7012	14026
	7013	2
	7014	1
	7015	7017
	7016	14034
	7017	2
	7018	1
	7019	7021
	7020	14042
	7021	2
	7022	1
	7023	7025
	7024	14050
	7025	2
	7026	1
	7027	7029
	7028	14058
	7029	2
	7030	1
	7031	7033
	7032	14066
	7033	2
	7034	1
	7035	7037
	7036	14074
	7037	2
	7038	1
	7039	7041
	7040	14082
	7041	2
	7042	1
	7043	7045
	7044	14090
	7045	2
	7046	1
	7047	7049
	7048	14098
	7049	2
	7050	1
	7051	7053
	7052	14106
	7053	2
	7054	1
	7055	7057
	7056	14114
	7057	2
	7058	1
	7059	7061
	7060	14122
	7061	2
	7062	1
	7063	7065
	7064	14130
	7065	2
	7066	1
	7067	7069
	7068	14138
	7069	2
	7070	1
	7071	7073
	7072	14146
	7073	2
	7074	1
	7075	7077
	7076	14154
	7077	2
	7078	1
	7079	7081
	7080	14162
	7081	2
	7082	1
	7083	7085
	7084	14170
	7085	2
	7086	1
	7087	7089
	7088	14178
	7089	2
	7090	1
	7091	7093
	7092	14186
	7093	2
	7094	1
	7095	7097
	7096	14194
	7097	2
	7098	1
	7099	7101
	7100	14202
	7101	2
	7102	1
	7103	7105
	7104	14210
	7105	2
	7106	1
	7107	7109
	7108	14218
	7109	2
	7110	1
	7111	7113
	7112	14226
	7113	2
	7114	1
	7115	7117
	7116	14234
	7117	2
	7118	1
	7119	7121
	7120	14242
	7121	2
	7122	1
	7123	7125
	7124	14250
	7125	2
	7126	1
	7127	7129
	7128	14258
	7129	2
	7130	1
	7131	7133
	7132	14266
	7133	2
	7134	1
	7135	7137
	7136	14274
	7137	2
	7138	1
	7139	7141
	7140	14282
	7141	2
	7142	1
	7143	7145
	7144	14290
	7145	2
	7146	1
	7147	7149
	7148	14298
	7149	2
	7150	1
	7151	7153
	7152	14306
	7153	2
	7154	1
	7155	7157
	7156	14314
	7157	2
	7158	1
	7159	7161
	7160	14322
	7161	2
	7162	1
	7163	7165
	7164	14330
	7165	2
	7166	1
	7167	7169
	7168	14338
	7169	2
	7170	1
	7171	7173
	7172	14346
	7173	2
	7174	1
	7175	7177
	7176	14354
	7177	2
	7178	1
	7179	7181
	7180	14362
	7181	2
	7182	1
	7183	7185
	7184	14370
	7185	2
	7186	1
	7187	7189
	7188	14378
	7189	2
	7190	1
	7191	7193
	7192	14386
	7193	2
	7194	1
	7195	7197
	7196	14394
	7197	2
	7198	1
	7199	7201
	7200	14402
	7201	2
	7202	1
	7203	7205
	7204	14410
	7205	2
	7206	1
	7207	7209
	7208	14418
	7209	2
	7210	1
	7211	7213
	7212	14426
	7213	2
	7214	1
	7215	7217
	7216	14434
	7217	2
	7218	1
	7219	7221
	7220	14442
	7221	2
	7222	1
	7223	7225
	7224	14450
	7225	2
	7226	1
	7227	7229
	7228	14458
	7229	2
	7230	1
	7231	7233
	7232	14466
	7233	2
	7234	1
	7235	7237
	7236	14474
	7237	2
	7238	1
	7239	7241
	7240	14482
	7241	2
	7242	1
	7243	7245
	7244	14490
	7245	2
	7246	1
	7247	7249
	7248	14498
	7249	2
	7250	1
	7251	7253
	7252	14506
	7253	2
	7254	1
	7255	7257
	7256	14514
	7257	2
	7258	1
	7259	7261
	7260	14522
	7261	2
	7262	1
	7263	7265
	7264	14530
	7265	2
	7266	1
	7267	7269
	7268	14538
	7269	2
	7270	1
	7271	7273
	7272	14546
	7273	2
	7274	1
	7275	7277
	7276	14554
	7277	2
	7278	1
	7279	7281
	7280	14562
	7281	2
	7282	1
	7283	7285
	7284	14570
	7285	2
	7286	1
	7287	7289
	7288	14578
	7289	2
	7290	1
	7291	7293
	7292	14586
	7293	2
	7294	1
	7295	7297
	7296	14594
	7297	2
	7298	1
	7299	7301
	7300	14602
	7301	2
	7302	1
	7303	7305
	7304	14610
	7305	2
	7306	1
	7307	7309
	7308	14618
	7309	2
	7310	1
	7311	7313
	7312	14626
	7313	2
	7314	1
	7315	7317
	7316	14634
	7317	2
	7318	1
	7319	7321
	7320	14642
	7321	2
	7322	1
	7323	7325
	7324	14650
	7325	2
	7326	1
	7327	7329
	7328	14658
	7329	2
	7330	1
	7331	7333
	7332	14666
	7333	2
	7334	1
	7335	7337
	7336	14674
	7337	2
	7338	1
	7339	7341
	7340	14682
	7341	2
	7342	1
	7343	7345
	7344	14690
	7345	2
	7346	1
	7347	7349
	7348	14698
	7349	2
	7350	1
	7351	7353
	7352	14706
	7353	2
	7354	1
	7355	7357
	7356	14714
	7357	2
	7358	1
	7359	7361
	7360	14722
	7361	2
	7362	1
	7363	7365
	7364	14730
	7365	2
	7366	1
	7367	7369
	7368	14738
	7369	2
	7370	1
	7371	7373
	7372	14746
	7373	2
	7374	1
	7375	7377
	7376	14754
	7377	2
	7378	1
	7379	7381
	7380	14762
	7381	2
	7382	1
	7383	7385
	7384	14770
	7385	2
	7386	1
	7387	7389
	7388	14778
	7389	2
	7390	1
	7391	7393
	7392	14786
	7393	2
	7394	1
	7395	7397
	7396	14794
	7397	2
	7398	1
	7399	7401
	7400	14802
	7401	2
	7402	1
	7403	7405
	7404	14810
	7405	2
	7406	1
	7407	7409
	7408	14818
	7409	2
	7410	1
	7411	7413
	7412	14826
	7413	2
	7414	1
	7415	7417
	7416	14834
	7417	2
	7418	1
	7419	7421
	7420	14842
	7421	2
	7422	1
	7423	7425
	7424	14850
	7425	2
	7426	1
	7427	7429
	7428	14858
	7429	2
	7430	1
	7431	7433
	7432	14866
	7433	2
	7434	1
	7435	7437
	7436	14874
	7437	2
	7438	1
	7439	7441
	7440	14882
	7441	2
	7442	1
	7443	7445
	7444	14890
	7445	2
	7446	1
	7447	7449
	7448	14898
	7449	2
	7450	1
	7451	7453
	7452	14906
	7453	2
	7454	1
	7455	7457
	7456	14914
	7457	2
	7458	1
	7459	7461
	7460	14922
	7461	2
	7462	1
	7463	7465
	7464	14930
	7465	2
	7466	1
	7467	7469
	7468	14938
	7469	2
	7470	1
	7471	7473
	7472	14946
	7473	2
	7474	1
	7475	7477
	7476	14954
	7477	2
	7478	1
	7479	7481
	7480	14962
	7481	2
	7482	1
	7483	7485
	7484	14970
	7485	2
	7486	1
	7487	7489
	7488	14978
	7489	2
	7490	1
	7491	7493
	7492	14986
	7493	2
	7494	1
	7495	7497
	7496	14994
	7497	2
	7498	1
	7499	7501
	7500	15002
	7501	2
	7502	1
	7503	7505
	7504	15010
	7505	2
	7506	1
	7507	7509
	7508	15018
	7509	2
	7510	1
	7511	7513
	7512	15026
	7513	2
	7514	1
	7515	7517
	7516	15034
	7517	2
	7518	1
	7519	7521
	7520	15042
	7521	2
	7522	1
	7523	7525
	7524	15050
	7525	2
	7526	1
	7527	7529
	7528	15058
	7529	2
	7530	1
	7531	7533
	7532	15066
	7533	2
	7534	1
	7535	7537
	7536	15074
	7537	2
	7538	1
	7539	7541
	7540	15082
	7541	2
	7542	1
	7543	7545
	7544	15090
	7545	2
	7546	1
	7547	7549
	7548	15098
	7549	2
	7550	1
	7551	7553
	7552	15106
	7553	2
	7554	1
	7555	7557
	7556	15114
	7557	2
	7558	1
	7559	7561
	7560	15122
	7561	2
	7562	1
	7563	7565
	7564	15130
	7565	2
	7566	1
	7567	7569
	7568	15138
	7569	2
	7570	1
	7571	7573
	7572	15146
	7573	2
	7574	1
	7575	7577
	7576	15154
	7577	2
	7578	1
	7579	7581
	7580	15162
	7581	2
	7582	1
	7583	7585
	7584	15170
	7585	2
	7586	1
	7587	7589
	7588	15178
	7589	2
	7590	1
	7591	7593
	7592	15186
	7593	2
	7594	1
	7595	7597
	7596	15194
	7597	2
	7598	1
	7599	7601
	7600	15202
	7601	2
	7602	1
	7603	7605
	7604	15210
	7605	2
	7606	1
	7607	7609
	7608	15218
	7609	2
	7610	1
	7611	7613
	7612	15226
	7613	2
	7614	1
	7615	7617
	7616	15234
	7617	2
	7618	1
	7619	7621
	7620	15242
	7621	2
	7622	1
	7623	7625
	7624	15250
	7625	2
	7626	1
	7627	7629
	7628	15258
	7629	2
	7630	1
	7631	7633
	7632	15266
	7633	2
	7634	1
	7635	7637
	7636	15274
	7637	2
	7638	1
	7639	7641
	7640	15282
	7641	2
	7642	1
	7643	7645
	7644	15290
	7645	2
	7646	1
	7647	7649
	7648	15298
	7649	2
	7650	1
	7651	7653
	7652	15306
	7653	2
	7654	1
	7655	7657
	7656	15314
	7657	2
	7658	1
	7659	7661
	7660	15322
	7661	2
	7662	1
	7663	7665
	7664	15330
	7665	2
	7666	1
	7667	7669
	7668	15338
	7669	2
	7670	1
	7671	7673
	7672	15346
	7673	2
	7674	1
	7675	7677
	7676	15354
	7677	2
	7678	1
	7679	7681
	7680	15362
	7681	2
	7682	1
	7683	7685
	7684	15370
	7685	2
	7686	1
	7687	7689
	7688	15378
	7689	2
	7690	1
	7691	7693
	7692	15386
	7693	2
	7694	1
	7695	7697
	7696	15394
	7697	2
	7698	1
	7699	7701
	7700	15402
	7701	2
	7702	1
	7703	7705
	7704	15410
	7705	2
	7706	1
	7707	7709
	7708	15418
	7709	2
	7710	1
	7711	7713
	7712	15426
	7713	2
	7714	1
	7715	7717
	7716	15434
	7717	2
	7718	1
	7719	7721
	7720	15442
	7721	2
	7722	1
	7723	7725
	7724	15450
	7725	2
	7726	1
	7727	7729
	7728	15458
	7729	2
	7730	1
	7731	7733
	7732	15466
	7733	2
	7734	1
	7735	7737
	7736	15474
	7737	2
	7738	1
	7739	7741
	7740	15482
	7741	2
	7742	1
	7743	7745
	7744	15490
	7745	2
	7746	1
	7747	7749
	7748	15498
	7749	2
	7750	1
	7751	7753
	7752	15506
	7753	2
	7754	1
	7755	7757
	7756	15514
	7757	2
	7758	1
	7759	7761
	7760	15522
	7761	2
	7762	1
	7763	7765
	7764	15530
	7765	2
	7766	1
	7767	7769
	7768	15538
	7769	2
	7770	1
	7771	7773
	7772	15546
	7773	2
	7774	1
	7775	7777
	7776	15554
	7777	2
	7778	1
	7779	7781
	7780	15562
	7781	2
	7782	1
	7783	7785
	7784	15570
	7785	2
	7786	1
	7787	7789
	7788	15578
	7789	2
	7790	1
	7791	7793
	7792	15586
	7793	2
	7794	1
	7795	7797
	7796	15594
	7797	2
	7798	1
	7799	7801
	7800	15602
	7801	2
	7802	1
	7803	7805
	7804	15610
	7805	2
	7806	1
	7807	7809
	7808	15618
	7809	2
	7810	1
	7811	7813
	7812	15626
	7813	2
	7814	1
	7815	7817
	7816	15634
	7817	2
	7818	1
	7819	7821
	7820	15642
	7821	2
	7822	1
	7823	7825
	7824	15650
	7825	2
	7826	1
	7827	7829
	7828	15658
	7829	2
	7830	1
	7831	7833
	7832	15666
	7833	2
	7834	1
	7835	7837
	7836	15674
	7837	2
	7838	1
	7839	7841
	7840	15682
	7841	2
	7842	1
	7843	7845
	7844	15690
	7845	2
	7846	1
	7847	7849
	7848	15698
	7849	2
	7850	1
	7851	7853
	7852	15706
	7853	2
	7854	1
	7855	7857
	7856	15714
	7857	2
	7858	1
	7859	7861
	7860	15722
	7861	2
	7862	1
	7863	7865
	7864	15730
	7865	2
	7866	1
	7867	7869
	7868	15738
	7869	2
	7870	1
	7871	7873
	7872	15746
	7873	2
	7874	1
	7875	7877
	7876	15754
	7877	2
	7878	1
	7879	7881
	7880	15762
	7881	2
	7882	1
	7883	7885
	7884	15770
	7885	2
	7886	1
	7887	7889
	7888	15778
	7889	2
	7890	1
	7891	7893
	7892	15786
	7893	2
	7894	1
	7895	7897
	7896	15794
	7897	2
	7898	1
	7899	7901
	7900	15802
	7901	2
	7902	1
	7903	7905
	7904	15810
	7905	2
	7906	1
	7907	7909
	7908	15818
	7909	2
	7910	1
	7911	7913
	7912	15826
	7913	2
	7914	1
	7915	7917
	7916	15834
	7917	2
	7918	1
	7919	7921
	7920	15842
	7921	2
	7922	1
	7923	7925
	7924	15850
	7925	2
	7926	1
	7927	7929
	7928	15858
	7929	2
	7930	1
	7931	7933
	7932	15866
	7933	2
	7934	1
	7935	7937
	7936	15874
	7937	2
	7938	1
	7939	7941
	7940	15882
	7941	2
	7942	1
	7943	7945
	7944	15890
	7945	2
	7946	1
	7947	7949
	7948	15898
	7949	2
	7950	1
	7951	7953
	7952	15906
	7953	2
	7954	1
	7955	7957
	7956	15914
	7957	2
	7958	1
	7959	7961
	7960	15922
	7961	2
	7962	1
	7963	7965
	7964	15930
	7965	2
	7966	1
	7967	7969
	7968	15938
	7969	2
	7970	1
	7971	7973
	7972	15946
	7973	2
	7974	1
	7975	7977
	7976	15954
	7977	2
	7978	1
	7979	7981
	7980	15962
	7981	2
	7982	1
	7983	7985
	7984	15970
	7985	2
	7986	1
	7987	7989
	7988	15978
	7989	2
	7990	1
	7991	7993
	7992	15986
	7993	2
	7994	1
	7995	7997
	7996	15994
	7997	2
	7998	1
	7999	8001
	8000	16002
	8001	2
	8002	1
	8003	8005
	8004	16010
	8005	2
	8006	1
	8007	8009
	8008	16018
	8009	2
	8010	1
	8011	8013
	8012	16026
	8013	2
	8014	1
	8015	8017
	8016	16034
	8017	2
	8018	1
	8019	8021
	8020	16042
	8021	2
	8022	1
	8023	8025
	8024	16050
	8025	2
	8026	1
	8027	8029
	8028	16058
	8029	2
	8030	1
	8031	8033
	8032	16066
	8033	2
	8034	1
	8035	8037
	8036	16074
	8037	2
	8038	1
	8039	8041
	8040	16082
	8041	2
	8042	1
	8043	8045
	8044	16090
	8045	2
	8046	1
	8047	8049
	8048	16098
	8049	2
	8050	1
	8051	8053
	8052	16106
	8053	2
	8054	1
	8055	8057
	8056	16114
	8057	2
	8058	1
	8059	8061
	8060	16122
	8061	2
	8062	1
	8063	8065
	8064	16130
	8065	2
	8066	1
	8067	8069
	8068	16138
	8069	2
	8070	1
	8071	8073
	8072	16146
	8073	2
	8074	1
	8075	8077
	8076	16154
	8077	2
	8078	1
	8079	8081
	8080	16162
	8081	2
	8082	1
	8083	8085
	8084	16170
	8085	2
	8086	1
	8087	8089
	8088	16178
	8089	2
	8090	1
	8091	8093
	8092	16186
	8093	2
	8094	1
	8095	8097
	8096	16194
	8097	2
	8098	1
	8099	8101
	8100	16202
	8101	2
	8102	1
	8103	8105
	8104	16210
	8105	2
	8106	1
	8107	8109
	8108	16218
	8109	2
	8110	1
	8111	8113
	8112	16226
	8113	2
	8114	1
	8115	8117
	8116	16234
	8117	2
	8118	1
	8119	8121
	8120	16242
	8121	2
	8122	1
	8123	8125
	8124	16250
	8125	2
	8126	1
	8127	8129
	8128	16258
	8129	2
	8130	1
	8131	8133
	8132	16266
	8133	2
	8134	1
	8135	8137
	8136	16274
	8137	2
	8138	1
	8139	8141
	8140	16282
	8141	2
	8142	1
	8143	8145
	8144	16290
	8145	2
	8146	1
	8147	8149
	8148	16298
	8149	2
	8150	1
	8151	8153
	8152	16306
	8153	2
	8154	1
	8155	8157
	8156	16314
	8157	2
	8158	1
	8159	8161
	8160	16322
	8161	2
	8162	1
	8163	8165
	8164	16330
	8165	2
	8166	1
	8167	8169
	8168	16338
	8169	2
	8170	1
	8171	8173
	8172	16346
	8173	2
	8174	1
	8175	8177
	8176	16354
	8177	2
	8178	1
	8179	8181
	8180	16362
	8181	2
	8182	1
	8183	8185
	8184	16370
	8185	2
	8186	1
	8187	8189
	8188	16378
	8189	2
	8190	1
	8191	8193
	8192	16386
	8193	2
	8194	1
	8195	8197
	8196	16394
	8197	2
	8198	1
	8199	8201
	8200	16402
	8201	2
	8202	1
	8203	8205
	8204	16410
	8205	2
	8206	1
	8207	8209
	8208	16418
	8209	2
	8210	1
	8211	8213
	8212	16426
	8213	2
	8214	1
	8215	8217
	8216	16434
	8217	2
	8218	1
	8219	8221
	8220	16442
	8221	2
	8222	1
	8223	8225
	8224	16450
	8225	2
	8226	1
	8227	8229
	8228	16458
	8229	2
	8230	1
	8231	8233
	8232	16466
	8233	2
	8234	1
	8235	8237
	8236	16474
	8237	2
	8238	1
	8239	8241
	8240	16482
	8241	2
	8242	1
	8243	8245
	8244	16490
	8245	2
	8246	1
	8247	8249
	8248	16498
	8249	2
	8250	1
	8251	8253
	8252	16506
	8253	2
	8254	1
	8255	8257
	8256	16514
	8257	2
	8258	1
	8259	8261
	8260	16522
	8261	2
	8262	1
	8263	8265
	8264	16530
	8265	2
	8266	1
	8267	8269
	8268	16538
	8269	2
	8270	1
	8271	8273
	8272	16546
	8273	2
	8274	1
	8275	8277
	8276	16554
	8277	2
	8278	1
	8279	8281
	8280	16562
	8281	2
	8282	1
	8283	8285
	8284	16570
	8285	2
	8286	1
	8287	8289
	8288	16578
	8289	2
	8290	1
	8291	8293
	8292	16586
	8293	2
	8294	1
	8295	8297
	8296	16594
	8297	2
	8298	1
	8299	8301
	8300	16602
	8301	2
	8302	1
	8303	8305
	8304	16610
	8305	2
	8306	1
	8307	8309
	8308	16618
	8309	2
	8310	1
	8311	8313
	8312	16626
	8313	2
	8314	1
	8315	8317
	8316	16634
	8317	2
	8318	1
	8319	8321
	8320	16642
	8321	2
	8322	1
	8323	8325
	8324	16650
	8325	2
	8326	1
	8327	8329
	8328	16658
	8329	2
	8330	1
	8331	8333
	8332	16666
	8333	2
	8334	1
	8335	8337
	8336	16674
	8337	2
	8338	1
	8339	8341
	8340	16682
	8341	2
	8342	1
	8343	8345
	8344	16690
	8345	2
	8346	1
	8347	8349
	8348	16698
	8349	2
	8350	1
	8351	8353
	8352	16706
	8353	2
	8354	1
	8355	8357
	8356	16714
	8357	2
	8358	1
	8359	8361
	8360	16722
	8361	2
	8362	1
	8363	8365
	8364	16730
	8365	2
	8366	1
	8367	8369
	8368	16738
	8369	2
	8370	1
	8371	8373
	8372	16746
	8373	2
	8374	1
	8375	8377
	8376	16754
	8377	2
	8378	1
	8379	8381
	8380	16762
	8381	2
	8382	1
	8383	8385
	8384	16770
	8385	2
	8386	1
	8387	8389
	8388	16778
	8389	2
	8390	1
	8391	8393
	8392	16786
	8393	2
	8394	1
	8395	8397
	8396	16794
	8397	2
	8398	1
	8399	8401
	8400	16802
	8401	2
	8402	1
	8403	8405
	8404	16810
	8405	2
	8406	1
	8407	8409
	8408	16818
	8409	2
	8410	1
	8411	8413
	8412	16826
	8413	2
	8414	1
	8415	8417
	8416	16834
	8417	2
	8418	1
	8419	8421
	8420	16842
	8421	2
	8422	1
	8423	8425
	8424	16850
	8425	2
	8426	1
	8427	8429
	8428	16858
	8429	2
	8430	1
	8431	8433
	8432	16866
	8433	2
	8434	1
	8435	8437
	8436	16874
	8437	2
	8438	1
	8439	8441
	8440	16882
	8441	2
	8442	1
	8443	8445
	8444	16890
	8445	2
	8446	1
	8447	8449
	8448	16898
	8449	2
	8450	1
	8451	8453
	8452	16906
	8453	2
	8454	1
	8455	8457
	8456	16914
	8457	2
	8458	1
	8459	8461
	8460	16922
	8461	2
	8462	1
	8463	8465
	8464	16930
	8465	2
	8466	1
	8467	8469
	8468	16938
	8469	2
	8470	1
	8471	8473
	8472	16946
	8473	2
	8474	1
	8475	8477
	8476	16954
	8477	2
	8478	1
	8479	8481
	8480	16962
	8481	2
	8482	1
	8483	8485
	8484	16970
	8485	2
	8486	1
	8487	8489
	8488	16978
	8489	2
	8490	1
	8491	8493
	8492	16986
	8493	2
	8494	1
	8495	8497
	8496	16994
	8497	2
	8498	1
	8499	8501
	8500	17002
	8501	2
	8502	1
	8503	8505
	8504	17010
	8505	2
	8506	1
	8507	8509
	8508	17018
	8509	2
	8510	1
	8511	8513
	8512	17026
	8513	2
	8514	1
	8515	8517
	8516	17034
	8517	2
	8518	1
	8519	8521
	8520	17042
	8521	2
	8522	1
	8523	8525
	8524	17050
	8525	2
	8526	1
	8527	8529
	8528	17058
	8529	2
	8530	1
	8531	8533
	8532	17066
	8533	2
	8534	1
	8535	8537
	8536	17074
	8537	2
	8538	1
	8539	8541
	8540	17082
	8541	2
	8542	1
	8543	8545
	8544	17090
	8545	2
	8546	1
	8547	8549
	8548	17098
	8549	2
	8550	1
	8551	8553
	8552	17106
	8553	2
	8554	1
	8555	8557
	8556	17114
	8557	2
	8558	1
	8559	8561
	8560	17122
	8561	2
	8562	1
	8563	8565
	8564	17130
	8565	2
	8566	1
	8567	8569
	8568	17138
	8569	2
	8570	1
	8571	8573
	8572	17146
	8573	2
	8574	1
	8575	8577
	8576	17154
	8577	2
	8578	1
	8579	8581
	8580	17162
	8581	2
	8582	1
	8583	8585
	8584	17170
	8585	2
	8586	1
	8587	8589
	8588	17178
	8589	2
	8590	1
	8591	8593
	8592	17186
	8593	2
	8594	1
	8595	8597
	8596	17194
	8597	2
	8598	1
	8599	8601
	8600	17202
	8601	2
	8602	1
	8603	8605
	8604	17210
	8605	2
	8606	1
	8607	8609
	8608	17218
	8609	2
	8610	1
	8611	8613
	8612	17226
	8613	2
	8614	1
	8615	8617
	8616	17234
	8617	2
	8618	1
	8619	8621
	8620	17242
	8621	2
	8622	1
	8623	8625
	8624	17250
	8625	2
	8626	1
	8627	8629
	8628	17258
	8629	2
	8630	1
	8631	8633
	8632	17266
	8633	2
	8634	1
	8635	8637
	8636	17274
	8637	2
	8638	1
	8639	8641
	8640	17282
	8641	2
	8642	1
	8643	8645
	8644	17290
	8645	2
	8646	1
	8647	8649
	8648	17298
	8649	2
	8650	1
	8651	8653
	8652	17306
	8653	2
	8654	1
	8655	8657
	8656	17314
	8657	2
	8658	1
	8659	8661
	8660	17322
	8661	2
	8662	1
	8663	8665
	8664	17330
	8665	2
	8666	1
	8667	8669
	8668	17338
	8669	2
	8670	1
	8671	8673
	8672	17346
	8673	2
	8674	1
	8675	8677
	8676	17354
	8677	2
	8678	1
	8679	8681
	8680	17362
	8681	2
	8682	1
	8683	8685
	8684	17370
	8685	2
	8686	1
	8687	8689
	8688	17378
	8689	2
	8690	1
	8691	8693
	8692	17386
	8693	2
	8694	1
	8695	8697
	8696	17394
	8697	2
	8698	1
	8699	8701
	8700	17402
	8701	2
	8702	1
	8703	8705
	8704	17410
	8705	2
	8706	1
	8707	8709
	8708	17418
	8709	2
	8710	1
	8711	8713
	8712	17426
	8713	2
	8714	1
	8715	8717
	8716	17434
	8717	2
	8718	1
	8719	8721
	8720	17442
	8721	2
	8722	1
	8723	8725
	8724	17450
	8725	2
	8726	1
	8727	8729
	8728	17458
	8729	2
	8730	1
	8731	8733
	8732	17466
	8733	2
	8734	1
	8735	8737
	8736	17474
	8737	2
	8738	1
	8739	8741
	8740	17482
	8741	2
	8742	1
	8743	8745
	8744	17490
	8745	2
	8746	1
	8747	8749
	8748	17498
	8749	2
	8750	1
	8751	8753
	8752	17506
	8753	2
	8754	1
	8755	8757
	8756	17514
	8757	2
	8758	1
	8759	8761
	8760	17522
	8761	2
	8762	1
	8763	8765
	8764	17530
	8765	2
	8766	1
	8767	8769
	8768	17538
	8769	2
	8770	1
	8771	8773
	8772	17546
	8773	2
	8774	1
	8775	8777
	8776	17554
	8777	2
	8778	1
	8779	8781
	8780	17562
	8781	2
	8782	1
	8783	8785
	8784	17570
	8785	2
	8786	1
	8787	8789
	8788	17578
	8789	2
	8790	1
	8791	8793
	8792	17586
	8793	2
	8794	1
	8795	8797
	8796	17594
	8797	2
	8798	1
	8799	8801
	8800	17602
	8801	2
	8802	1
	8803	8805
	8804	17610
	8805	2
	8806	1
	8807	8809
	8808	17618
	8809	2
	8810	1
	8811	8813
	8812	17626
	8813	2
	8814	1
	8815	8817
	8816	17634
	8817	2
	8818	1
	8819	8821
	8820	17642
	8821	2
	8822	1
	8823	8825
	8824	17650
	8825	2
	8826	1
	8827	8829
	8828	17658
	8829	2
	8830	1
	8831	8833
	8832	17666
	8833	2
	8834	1
	8835	8837
	8836	17674
	8837	2
	8838	1
	8839	8841
	8840	17682
	8841	2
	8842	1
	8843	8845
	8844	17690
	8845	2
	8846	1
	8847	8849
	8848	17698
	8849	2
	8850	1
	8851	8853
	8852	17706
	8853	2
	8854	1
	8855	8857
	8856	17714
	8857	2
	8858	1
	8859	8861
	8860	17722
	8861	2
	8862	1
	8863	8865
	8864	17730
	8865	2
	8866	1
	8867	8869
	8868	17738
	8869	2
	8870	1
	8871	8873
	8872	17746
	8873	2
	8874	1
	8875	8877
	8876	17754
	8877	2
	8878	1
	8879	8881
	8880	17762
	8881	2
	8882	1
	8883	8885
	8884	17770
	8885	2
	8886	1
	8887	8889
	8888	17778
	8889	2
	8890	1
	8891	8893
	8892	17786
	8893	2
	8894	1
	8895	8897
	8896	17794
	8897	2
	8898	1
	8899	8901
	8900	17802
	8901	2
	8902	1
	8903	8905
	8904	17810
	8905	2
	8906	1
	8907	8909
	8908	17818
	8909	2
	8910	1
	8911	8913
	8912	17826
	8913	2
	8914	1
	8915	8917
	8916	17834
	8917	2
	8918	1
	8919	8921
	8920	17842
	8921	2
	8922	1
	8923	8925
	8924	17850
	8925	2
	8926	1
	8927	8929
	8928	17858
	8929	2
	8930	1
	8931	8933
	8932	17866
	8933	2
	8934	1
	8935	8937
	8936	17874
	8937	2
	8938	1
	8939	8941
	8940	17882
	8941	2
	8942	1
	8943	8945
	8944	17890
	8945	2
	8946	1
	8947	8949
	8948	17898
	8949	2
	8950	1
	8951	8953
	8952	17906
	8953	2
	8954	1
	8955	8957
	8956	17914
	8957	2
	8958	1
	8959	8961
	8960	17922
	8961	2
	8962	1
	8963	8965
	8964	17930
	8965	2
	8966	1
	8967	8969
	8968	17938
	8969	2
	8970	1
	8971	8973
	8972	17946
	8973	2
	8974	1
	8975	8977
	8976	17954
	8977	2
	8978	1
	8979	8981
	8980	17962
	8981	2
	8982	1
	8983	8985
	8984	17970
	8985	2
	8986	1
	8987	8989
	8988	17978
	8989	2
	8990	1
	8991	8993
	8992	17986
	8993	2
	8994	1
	8995	8997
	8996	17994
	8997	2
	8998	1
	8999	9001
	9000	18002
	9001	2
	9002	1
	9003	9005
	9004	18010
	9005	2
	9006	1
	9007	9009
	9008	18018
	9009	2
	9010	1
	9011	9013
	9012	18026
	9013	2
	9014	1
	9015	9017
	9016	18034
	9017	2
	9018	1
	9019	9021
	9020	18042
	9021	2
	9022	1
	9023	9025
	9024	18050
	9025	2
	9026	1
	9027	9029
	9028	18058
	9029	2
	9030	1
	9031	9033
	9032	18066
	9033	2
	9034	1
	9035	9037
	9036	18074
	9037	2
	9038	1
	9039	9041
	9040	18082
	9041	2
	9042	1
	9043	9045
	9044	18090
	9045	2
	9046	1
	9047	9049
	9048	18098
	9049	2
	9050	1
	9051	9053
	9052	18106
	9053	2
	9054	1
	9055	9057
	9056	18114
	9057	2
	9058	1
	9059	9061
	9060	18122
	9061	2
	9062	1
	9063	9065
	9064	18130
	9065	2
	9066	1
	9067	9069
	9068	18138
	9069	2
	9070	1
	9071	9073
	9072	18146
	9073	2
	9074	1
	9075	9077
	9076	18154
	9077	2
	9078	1
	9079	9081
	9080	18162
	9081	2
	9082	1
	9083	9085
	9084	18170
	9085	2
	9086	1
	9087	9089
	9088	18178
	9089	2
	9090	1
	9091	9093
	9092	18186
	9093	2
	9094	1
	9095	9097
	9096	18194
	9097	2
	9098	1
	9099	9101
	9100	18202
	9101	2
	9102	1
	9103	9105
	9104	18210
	9105	2
	9106	1
	9107	9109
	9108	18218
	9109	2
	9110	1
	9111	9113
	9112	18226
	9113	2
	9114	1
	9115	9117
	9116	18234
	9117	2
	9118	1
	9119	9121
	9120	18242
	9121	2
	9122	1
	9123	9125
	9124	18250
	9125	2
	9126	1
	9127	9129
	9128	18258
	9129	2
	9130	1
	9131	9133
	9132	18266
	9133	2
	9134	1
	9135	9137
	9136	18274
	9137	2
	9138	1
	9139	9141
	9140	18282
	9141	2
	9142	1
	9143	9145
	9144	18290
	9145	2
	9146	1
	9147	9149
	9148	18298
	9149	2
	9150	1
	9151	9153
	9152	18306
	9153	2
	9154	1
	9155	9157
	9156	18314
	9157	2
	9158	1
	9159	9161
	9160	18322
	9161	2
	9162	1
	9163	9165
	9164	18330
	9165	2
	9166	1
	9167	9169
	9168	18338
	9169	2
	9170	1
	9171	9173
	9172	18346
	9173	2
	9174	1
	9175	9177
	9176	18354
	9177	2
	9178	1
	9179	9181
	9180	18362
	9181	2
	9182	1
	9183	9185
	9184	18370
	9185	2
	9186	1
	9187	9189
	9188	18378
	9189	2
	9190	1
	9191	9193
	9192	18386
	9193	2
	9194	1
	9195	9197
	9196	18394
	9197	2
	9198	1
	9199	9201
	9200	18402
	9201	2
	9202	1
	9203	9205
	9204	18410
	9205	2
	9206	1
	9207	9209
	9208	18418
	9209	2
	9210	1
	9211	9213
	9212	18426
	9213	2
	9214	1
	9215	9217
	9216	18434
	9217	2
	9218	1
	9219	9221
	9220	18442
	9221	2
	9222	1
	9223	9225
	9224	18450
	9225	2
	9226	1
	9227	9229
	9228	18458
	9229	2
	9230	1
	9231	9233
	9232	18466
	9233	2
	9234	1
	9235	9237
	9236	18474
	9237	2
	9238	1
	9239	9241
	9240	18482
	9241	2
	9242	1
	9243	9245
	9244	18490
	9245	2
	9246	1
	9247	9249
	9248	18498
	9249	2
	9250	1
	9251	9253
	9252	18506
	9253	2
	9254	1
	9255	9257
	9256	18514
	9257	2
	9258	1
	9259	9261
	9260	18522
	9261	2
	9262	1
	9263	9265
	9264	18530
	9265	2
	9266	1
	9267	9269
	9268	18538
	9269	2
	9270	1
	9271	9273
	9272	18546
	9273	2
	9274	1
	9275	9277
	9276	18554
	9277	2
	9278	1
	9279	9281
	9280	18562
	9281	2
	9282	1
	9283	9285
	9284	18570
	9285	2
	9286	1
	9287	9289
	9288	18578
	9289	2
	9290	1
	9291	9293
	9292	18586
	9293	2
	9294	1
	9295	9297
	9296	18594
	9297	2
	9298	1
	9299	9301
	9300	18602
	9301	2
	9302	1
	9303	9305
	9304	18610
	9305	2
	9306	1
	9307	9309
	9308	18618
	9309	2
	9310	1
	9311	9313
	9312	18626
	9313	2
	9314	1
	9315	9317
	9316	18634
	9317	2
	9318	1
	9319	9321
	9320	18642
	9321	2
	9322	1
	9323	9325
	9324	18650
	9325	2
	9326	1
	9327	9329
	9328	18658
	9329	2
	9330	1
	9331	9333
	9332	18666
	9333	2
	9334	1
	9335	9337
	9336	18674
	9337	2
	9338	1
	9339	9341
	9340	18682
	9341	2
	9342	1
	9343	9345
	9344	18690
	9345	2
	9346	1
	9347	9349
	9348	18698
	9349	2
	9350	1
	9351	9353
	9352	18706
	9353	2
	9354	1
	9355	9357
	9356	18714
	9357	2
	9358	1
	9359	9361
	9360	18722
	9361	2
	9362	1
	9363	9365
	9364	18730
	9365	2
	9366	1
	9367	9369
	9368	18738
	9369	2
	9370	1
	9371	9373
	9372	18746
	9373	2
	9374	1
	9375	9377
	9376	18754
	9377	2
	9378	1
	9379	9381
	9380	18762
	9381	2
	9382	1
	9383	9385
	9384	18770
	9385	2
	9386	1
	9387	9389
	9388	18778
	9389	2
	9390	1
	9391	9393
	9392	18786
	9393	2
	9394	1
	9395	9397
	9396	18794
	9397	2
	9398	1
	9399	9401
	9400	18802
	9401	2
	9402	1
	9403	9405
	9404	18810
	9405	2
	9406	1
	9407	9409
	9408	18818
	9409	2
	9410	1
	9411	9413
	9412	18826
	9413	2
	9414	1
	9415	9417
	9416	18834
	9417	2
	9418	1
	9419	9421
	9420	18842
	9421	2
	9422	1
	9423	9425
	9424	18850
	9425	2
	9426	1
	9427	9429
	9428	18858
	9429	2
	9430	1
	9431	9433
	9432	18866
	9433	2
	9434	1
	9435	9437
	9436	18874
	9437	2
	9438	1
	9439	9441
	9440	18882
	9441	2
	9442	1
	9443	9445
	9444	18890
	9445	2
	9446	1
	9447	9449
	9448	18898
	9449	2
	9450	1
	9451	9453
	9452	18906
	9453	2
	9454	1
	9455	9457
	9456	18914
	9457	2
	9458	1
	9459	9461
	9460	18922
	9461	2
	9462	1
	9463	9465
	9464	18930
	9465	2
	9466	1
	9467	9469
	9468	18938
	9469	2
	9470	1
	9471	9473
	9472	18946
	9473	2
	9474	1
	9475	9477
	9476	18954
	9477	2
	9478	1
	9479	9481
	9480	18962
	9481	2
	9482	1
	9483	9485
	9484	18970
	9485	2
	9486	1
	9487	9489
	9488	18978
	9489	2
	9490	1
	9491	9493
	9492	18986
	9493	2
	9494	1
	9495	9497
	9496	18994
	9497	2
	9498	1
	9499	9501
	9500	19002
	9501	2
	9502	1
	9503	9505
	9504	19010
	9505	2
	9506	1
	9507	9509
	9508	19018
	9509	2
	9510	1
	9511	9513
	9512	19026
	9513	2
	9514	1
	9515	9517
	9516	19034
	9517	2
	9518	1
	9519	9521
	9520	19042
	9521	2
	9522	1
	9523	9525
	9524	19050
	9525	2
	9526	1
	9527	9529
	9528	19058
	9529	2
	9530	1
	9531	9533
	9532	19066
	9533	2
	9534	1
	9535	9537
	9536	19074
	9537	2
	9538	1
	9539	9541
	9540	19082
	9541	2
	9542	1
	9543	9545
	9544	19090
	9545	2
	9546	1
	9547	9549
	9548	19098
	9549	2
	9550	1
	9551	9553
	9552	19106
	9553	2
	9554	1
	9555	9557
	9556	19114
	9557	2
	9558	1
	9559	9561
	9560	19122
	9561	2
	9562	1
	9563	9565
	9564	19130
	9565	2
	9566	1
	9567	9569
	9568	19138
	9569	2
	9570	1
	9571	9573
	9572	19146
	9573	2
	9574	1
	9575	9577
	9576	19154
	9577	2
	9578	1
	9579	9581
	9580	19162
	9581	2
	9582	1
	9583	9585
	9584	19170
	9585	2
	9586	1
	9587	9589
	9588	19178
	9589	2
	9590	1
	9591	9593
	9592	19186
	9593	2
	9594	1
	9595	9597
	9596	19194
	9597	2
	9598	1
	9599	9601
	9600	19202
	9601	2
	9602	1
	9603	9605
	9604	19210
	9605	2
	9606	1
	9607	9609
	9608	19218
	9609	2
	9610	1
	9611	9613
	9612	19226
	9613	2
	9614	1
	9615	9617
	9616	19234
	9617	2
	9618	1
	9619	9621
	9620	19242
	9621	2
	9622	1
	9623	9625
	9624	19250
	9625	2
	9626	1
	9627	9629
	9628	19258
	9629	2
	9630	1
	9631	9633
	9632	19266
	9633	2
	9634	1
	9635	9637
	9636	19274
	9637	2
	9638	1
	9639	9641
	9640	19282
	9641	2
	9642	1
	9643	9645
	9644	19290
	9645	2
	9646	1
	9647	9649
	9648	19298
	9649	2
	9650	1
	9651	9653
	9652	19306
	9653	2
	9654	1
	9655	9657
	9656	19314
	9657	2
	9658	1
	9659	9661
	9660	19322
	9661	2
	9662	1
	9663	9665
	9664	19330
	9665	2
	9666	1
	9667	9669
	9668	19338
	9669	2
	9670	1
	9671	9673
	9672	19346
	9673	2
	9674	1
	9675	9677
	9676	19354
	9677	2
	9678	1
	9679	9681
	9680	19362
	9681	2
	9682	1
	9683	9685
	9684	19370
	9685	2
	9686	1
	9687	9689
	9688	19378
	9689	2
	9690	1
	9691	9693
	9692	19386
	9693	2
	9694	1
	9695	9697
	9696	19394
	9697	2
	9698	1
	9699	9701
	9700	19402
	9701	2
	9702	1
	9703	9705
	9704	19410
	9705	2
	9706	1
	9707	9709
	9708	19418
	9709	2
	9710	1
	9711	9713
	9712	19426
	9713	2
	9714	1
	9715	9717
	9716	19434
	9717	2
	9718	1
	9719	9721
	9720	19442
	9721	2
	9722	1
	9723	9725
	9724	19450
	9725	2
	9726	1
	9727	9729
	9728	19458
	9729	2
	9730	1
	9731	9733
	9732	19466
	9733	2
	9734	1
	9735	9737
	9736	19474
	9737	2
	9738	1
	9739	9741
	9740	19482
	9741	2
	9742	1
	9743	9745
	9744	19490
	9745	2
	9746	1
	9747	9749
	9748	19498
	9749	2
	9750	1
	9751	9753
	9752	19506
	9753	2
	9754	1
	9755	9757
	9756	19514
	9757	2
	9758	1
	9759	9761
	9760	19522
	9761	2
	9762	1
	9763	9765
	9764	19530
	9765	2
	9766	1
	9767	9769
	9768	19538
	9769	2
	9770	1
	9771	9773
	9772	19546
	9773	2
	9774	1
	9775	9777
	9776	19554
	9777	2
	9778	1
	9779	9781
	9780	19562
	9781	2
	9782	1
	9783	9785
	9784	19570
	9785	2
	9786	1
	9787	9789
	9788	19578
	9789	2
	9790	1
	9791	9793
	9792	19586
	9793	2
	9794	1
	9795	9797
	9796	19594
	9797	2
	9798	1
	9799	9801
	9800	19602
	9801	2
	9802	1
	9803	9805
	9804	19610
	9805	2
	9806	1
	9807	9809
	9808	19618
	9809	2
	9810	1
	9811	9813
	9812	19626
	9813	2
	9814	1
	9815	9817
	9816	19634
	9817	2
	9818	1
	9819	9821
	9820	19642
	9821	2
	9822	1
	9823	9825
	9824	19650
	9825	2
	9826	1
	9827	9829
	9828	19658
	9829	2
	9830	1
	9831	9833
	9832	19666
	9833	2
	9834	1
	9835	9837
	9836	19674
	9837	2
	9838	1
	9839	9841
	9840	19682
	9841	2
	9842	1
	9843	9845
	9844	19690
	9845	2
	9846	1
	9847	9849
	9848	19698
	9849	2
	9850	1
	9851	9853
	9852	19706
	9853	2
	9854	1
	9855	9857
	9856	19714
	9857	2
	9858	1
	9859	9861
	9860	19722
	9861	2
	9862	1
	9863	9865
	9864	19730
	9865	2
	9866	1
	9867	9869
	9868	19738
	9869	2
	9870	1
	9871	9873
	9872	19746
	9873	2
	9874	1
	9875	9877
	9876	19754
	9877	2
	9878	1
	9879	9881
	9880	19762
	9881	2
	9882	1
	9883	9885
	9884	19770
	9885	2
	9886	1
	9887	9889
	9888	19778
	9889	2
	9890	1
	9891	9893
	9892	19786
	9893	2
	9894	1
	9895	9897
	9896	19794
	9897	2
	9898	1
	9899	9901
	9900	19802
	9901	2
	9902	1
	9903	9905
	9904	19810
	9905	2
	9906	1
	9907	9909
	9908	19818
	9909	2
	9910	1
	9911	9913
	9912	19826
	9913	2
	9914	1
	9915	9917
	9916	19834
	9917	2
	9918	1
	9919	9921
	9920	19842
	9921	2
	9922	1
	9923	9925
	9924	19850
	9925	2
	9926	1
	9927	9929
	9928	19858
	9929	2
	9930	1
	9931	9933
	9932	19866
	9933	2
	9934	1
	9935	9937
	9936	19874
	9937	2
	9938	1
	9939	9941
	9940	19882
	9941	2
	9942	1
	9943	9945
	9944	19890
	9945	2
	9946	1
	9947	9949
	9948	19898
	9949	2
	9950	1
	9951	9953
	9952	19906
	9953	2
	9954	1
	9955	9957
	9956	19914
	9957	2
	9958	1
	9959	9961
	9960	19922
	9961	2
	9962	1
	9963	9965
	9964	19930
	9965	2
	9966	1
	9967	9969
	9968	19938
	9969	2
	9970	1
	9971	9973
	9972	19946
	9973	2
	9974	1
	9975	9977
	9976	19954
	9977	2
	9978	1
	9979	9981
	9980	19962
	9981	2
	9982	1
	9983	9985
	9984	19970
	9985	2
	9986	1
	9987	9989
	9988	19978
	9989	2
	9990	1
	9991	9993
	9992	19986
	9993	2
	9994	1
	9995	9997
	9996	19994
	9997	2
	9998	1
	9999	10001
